   2.0000000e+00   1.1521545e-01  -1.1426042e+00  -6.8316771e-02  -3.4630386e-01   6.2129614e-01   8.5327263e-01
   2.0000000e+00  -1.0089927e+00  -1.3915036e+00   7.2001262e-01  -1.3237170e-01   2.4355301e-01   9.2763261e-01
   1.0000000e+00  -1.2743273e+00  -1.5339407e+00   1.5730273e-01   1.8130248e-01  -2.4989217e-01  -4.5616428e-02
   2.0000000e+00  -6.1854662e-02  -1.1977587e+00  -3.7641000e-01  -7.2794013e-01  -8.9727126e-01   2.1777391e-03
   2.0000000e+00  -9.2686665e-01  -1.8479784e+00  -3.0377949e-01  -1.5433287e-01   8.5341607e-01  -1.3901696e+00
   2.0000000e+00   2.7630527e+00  -3.9109618e-01   7.6156084e-01   2.1185558e+00  -1.0708378e+00   5.0018022e-01
   2.0000000e+00   1.0827864e+00  -1.0569232e-01  -1.3186835e+00  -8.8106674e-01   6.4649333e-01  -6.6670858e-01
   2.0000000e+00   6.1339806e-02   1.2633945e+00  -4.2582028e-01   4.9078989e-01   2.4431935e+00   1.2533817e+00
   2.0000000e+00  -1.3627744e+00   1.1007274e-01  -1.1224139e-01  -6.3314842e-01  -2.6862265e-01   2.0861855e+00
   2.0000000e+00   6.2215312e-01   3.2909400e-01  -2.9689962e-01  -9.9160531e-01   8.4198481e-01   3.5927250e-01
   2.0000000e+00   3.6302180e-01   2.6718394e-01  -2.7523844e-01  -1.1738802e+00  -2.4445643e-01  -1.0320758e+00
   2.0000000e+00   1.1660784e+00   5.1215992e-01   9.7996741e-01   1.5650075e+00   1.0511728e+00   6.9538091e-01
   1.0000000e+00  -1.2743622e+00  -2.8156466e-01   3.5813148e+00   2.9196473e-01  -2.0519880e-01   1.8228080e-01
   2.0000000e+00   5.1989830e-01  -1.3727316e+00  -4.8540385e-01  -6.6232916e-01  -2.9345855e+00   1.0503180e+00
   1.0000000e+00  -3.6003069e-01  -3.3103507e-01   7.7059687e-02   1.8835380e-01  -1.7271166e+00  -9.4742888e-02
   2.0000000e+00  -3.2978684e-01  -2.4443490e-01  -5.9895383e-01  -1.7162239e+00   3.4836537e-01   9.3018759e-01
   2.0000000e+00  -1.2508363e+00   5.5600999e-02  -9.1995435e-01   1.6292457e+00  -2.0971894e+00  -1.5768467e+00
   1.0000000e+00  -4.3828789e-01   2.1954050e+00   5.4974494e-01   1.5895371e-01   5.2147113e-01  -1.2820568e-01
   2.0000000e+00   9.6922422e-01  -1.0515269e+00  -1.9060286e-01  -7.5817234e-01   3.7932172e-01   4.2694684e-01
   2.0000000e+00   1.1270038e-02  -7.7102336e-01   2.3881187e-01   1.8912710e-01   3.8305268e-02   1.2410568e+00
   2.0000000e+00   1.7915219e+00  -7.0738445e-02  -1.1095506e+00  -2.2605711e-01  -1.2371668e+00   1.1791205e-01
   1.0000000e+00   2.0092961e+00   1.4508156e+00  -8.5907367e-02   7.0929670e-01  -9.9256707e-01  -2.0138820e-01
   2.0000000e+00   3.1842801e-01  -2.7279709e-01   8.0311004e-01   3.8575221e-01   5.1461492e-01   1.0959370e+00
   1.0000000e+00   6.3541684e-01  -3.7928094e-01   6.6621957e-01   3.2777127e-01   2.1722810e-01  -7.3967795e-01
   2.0000000e+00   7.6478495e-01   4.9089793e-02  -1.5919415e-01  -1.8023426e+00   4.5892864e-01   8.3499426e-01
   2.0000000e+00   1.6409238e+00   8.5543876e-01   1.9282293e+00  -5.5235258e-01  -5.1613888e-01  -1.0404906e+00
   2.0000000e+00  -1.2974057e+00   1.8611485e+00  -8.0502804e-01  -1.6111510e+00   1.5639735e+00   4.8525441e-01
   2.0000000e+00  -7.6272015e-01  -1.0774754e+00   7.1470614e-01  -3.9178345e-02  -5.4269059e-01   1.0269128e+00
   1.0000000e+00   1.1955651e-01  -3.3685037e-02  -9.8769869e-01   3.3877206e-01  -5.2668178e-01  -2.5125693e-01
   2.0000000e+00  -9.8070333e-01  -1.2853151e+00  -6.0252185e-01   8.4236767e-01  -3.7032735e-01   1.5184926e+00
   2.0000000e+00   1.2774211e+00   9.5862417e-01   7.2391686e-02   3.8702984e-01  -1.2255944e-02  -9.6479922e-01
   2.0000000e+00   1.2569362e+00  -1.0410566e+00  -1.0014181e+00  -1.4555766e+00  -1.5609111e+00  -9.2456244e-01
   2.0000000e+00  -7.2842004e-01  -2.9946528e-01   1.6542363e-01   1.9185856e+00  -4.6902826e-01   4.8643122e-01
   2.0000000e+00   1.0514311e+00  -6.8253975e-01  -7.4768350e-01  -5.6188334e-02   1.5814134e+00   7.6037746e-01
   2.0000000e+00   1.2297697e+00   3.0780717e-01  -1.0385284e+00   1.3665208e+00  -4.9612188e-01  -4.3612451e-01
   2.0000000e+00  -2.8371398e-01  -2.3601457e-01   6.9799442e-01  -5.3123058e-01  -4.0601701e-01  -6.4564494e-01
   2.0000000e+00  -1.4411554e-01   9.9046876e-01  -5.6598755e-01   7.3216383e-01  -8.2198111e-01   2.4390467e+00
   1.0000000e+00   5.4261609e-01   1.9229648e-01   1.7401709e+00   2.0385715e-01   1.2703232e+00   5.6493970e-01
   2.0000000e+00  -9.2669320e-01  -2.6455362e+00  -4.4671709e-01  -4.9892913e-01   1.2929455e+00   1.4702698e+00
   2.0000000e+00  -7.4761870e-01  -1.6452979e+00  -3.7968004e-01   1.0823264e+00   2.0960505e-01  -9.1636906e-01
   2.0000000e+00   3.7680965e-01  -1.9166764e+00  -7.1979134e-01   7.6554440e-02   1.6204231e+00  -1.9358991e+00
   2.0000000e+00   1.3815773e+00   2.5127979e-01   6.6931453e-01  -9.4294636e-01  -2.9042307e-02   2.4375199e-01
   2.0000000e+00   4.9933314e-01   4.4420802e-01   1.3182593e+00  -8.4375493e-01   6.2673993e-01   3.2944011e-01
   2.0000000e+00   1.7533812e+00  -1.2308089e+00   1.0718460e+00   1.1460072e+00  -1.8572469e+00   4.9048777e-01
   1.0000000e+00   7.8100614e-01   1.6677693e+00   1.5762669e-02   1.5750619e-01   1.2805509e-01   1.9994486e-01
   2.0000000e+00  -2.0700768e-02   7.3983726e-01  -8.7064444e-01   1.2834137e+00   7.7450053e-01   6.3324632e-01
   2.0000000e+00  -2.9760320e-01   6.4874445e-01   3.0706843e-01  -8.9300803e-01   8.6773186e-01   2.2228662e+00
   2.0000000e+00   1.2385990e+00  -2.1692094e-02   7.5439219e-01  -1.2414029e+00  -1.4392686e+00  -1.3363046e+00
   2.0000000e+00  -1.2694239e-01  -1.8182382e-01  -4.6562241e-01  -1.7050050e+00   9.7683239e-01  -1.7097361e+00
   2.0000000e+00   8.9801367e-01  -6.2441024e-02   3.5143334e-01  -1.1322711e-01   2.0143680e-01  -8.9071196e-01
   2.0000000e+00  -1.0490490e+00  -6.6141081e-01  -1.0552952e+00  -1.2558871e+00   1.3927478e+00   1.6205139e+00
   2.0000000e+00   3.8800363e-01   1.7696682e+00  -9.7969739e-01  -5.9251757e-01   5.0713371e-01  -3.2678973e-01
   2.0000000e+00  -2.0534691e-01   1.2433173e+00  -1.4869921e+00   7.2682388e-01  -1.3491548e+00  -1.2324868e+00
   2.0000000e+00  -3.1738250e-01  -1.2703219e+00  -2.1631031e+00  -6.7090109e-01  -1.8429147e+00   3.5738252e-01
   2.0000000e+00  -2.3862071e-01   8.4250003e-01  -7.2808117e-01  -3.8830733e-01  -1.9932205e+00   1.5811818e-01
   2.0000000e+00   6.7895384e-01   1.3114135e+00  -1.5754924e-01  -8.3360489e-01   1.1083906e+00  -2.7031992e-01
   2.0000000e+00   2.2002644e-01  -6.6532970e-01  -2.3715575e-01  -1.0864109e+00   6.0841472e-01   5.1609067e-01
   2.0000000e+00   8.0761295e-01  -3.8594002e-01   1.6410578e+00  -1.9538073e-01   1.7443131e+00   3.4424347e-01
   1.0000000e+00   6.8214878e-01  -1.3534143e+00  -5.9004223e-01   1.1956302e-01  -1.5407090e-01   5.7090141e-01
   2.0000000e+00  -5.2662187e-02   6.2981968e-01  -1.8383665e+00  -4.2388690e-01   6.4559041e-02   1.1333326e+00
   2.0000000e+00  -3.0819073e-01   7.5049330e-01  -5.5599321e-01   4.7772715e-02  -1.0972922e+00  -1.1348235e+00
   2.0000000e+00   2.2224268e+00  -4.6708517e-01  -4.4401493e-02  -2.1529664e+00  -2.4247205e-01   5.0417870e-01
   2.0000000e+00   8.7787066e-01   1.8935614e-02  -1.2386756e+00  -1.3100910e+00  -3.6972645e-01  -3.9202428e-01
   1.0000000e+00   1.3188526e-01   5.7928796e-01  -1.1305319e+00   3.9400441e-01  -5.1516340e-01   3.1124394e-01
   2.0000000e+00   7.2774315e-01  -3.4933315e-01   1.0673409e+00  -3.5234237e-01   4.5915893e-01   1.5042606e+00
   2.0000000e+00   7.6896324e-01   8.6647393e-01   1.6212042e+00   1.2356178e+00   4.1548889e-01   8.8446061e-01
   2.0000000e+00   2.3896965e+00   8.3315432e-01   8.6446414e-01  -7.3576442e-01  -5.5845776e-02  -4.8908863e-01
   2.0000000e+00   2.3139382e+00   9.4355559e-01  -3.1697268e-02  -2.3329538e-01  -1.0418455e+00   1.1572941e+00
   2.0000000e+00  -1.3198973e-01  -1.0194797e-01   1.2766804e+00  -1.5107224e-01   2.6787895e-01   1.1349088e+00
   2.0000000e+00   6.7073569e-01   1.1128520e+00   1.1060538e+00  -1.5986050e+00  -3.6903711e-01  -2.7425041e+00
   2.0000000e+00   8.8884679e-01   6.4060046e-01   1.1981042e-01   1.0883054e+00  -5.2861662e-01   1.3464023e+00
   2.0000000e+00   4.3125134e-01  -3.9646920e-04  -1.0559455e+00  -1.9985437e+00  -1.7010186e-01  -7.8816453e-01
   1.0000000e+00   1.1089514e+00   2.6865663e-01  -8.2130100e-01   4.6056894e-01   5.3465612e-02   2.3362477e-01
   2.0000000e+00   7.4858796e-01  -8.3308945e-01   3.1240537e-01  -3.8729236e-01  -1.2720669e+00  -1.0957881e+00
   2.0000000e+00  -1.7773241e-01   1.0927751e+00  -8.1749356e-01   6.7009347e-01   5.1546723e-01  -8.7219323e-01
   1.0000000e+00  -5.5655425e-01  -9.3480820e-01  -1.6332810e-01   9.6045001e-02   3.5594778e-01   5.4930061e-01
   2.0000000e+00   5.9519522e-01   2.9857716e-01  -8.6472196e-01  -7.9679017e-01  -3.0332571e+00   2.6512690e-01
   2.0000000e+00   2.4637150e+00   1.0997161e-01  -2.8217232e-01   2.7254088e-01   1.4690245e+00   2.1983615e+00
   2.0000000e+00   5.5829734e-01   1.4196641e+00  -4.7906215e-01  -1.7779546e-01  -1.2189851e+00  -2.7981091e-01
   2.0000000e+00  -5.7484213e-01  -1.6234962e+00   1.5845781e+00  -1.2461391e+00  -4.0767933e-01   7.0904955e-01
   2.0000000e+00   9.4339047e-02   2.7793521e-01  -8.2813137e-01   1.9391716e+00   1.5752977e+00   7.5153174e-01
   2.0000000e+00  -1.1530600e+00  -1.0352870e+00  -4.8409918e-01  -1.5569030e+00  -1.2678375e+00   2.5598099e-01
   2.0000000e+00  -8.4271405e-01  -1.7705248e-01  -6.6804369e-02   1.7828045e+00   4.4293127e-01   1.1900616e+00
   1.0000000e+00   9.7207269e-01   8.8694174e-01   5.4219248e-01   3.1250552e-01   1.7454573e+00   1.0350758e-01
   2.0000000e+00   1.3452986e+00   3.5953145e-01  -5.1149779e-01  -1.4691998e-01   2.3968104e+00  -3.0663629e-01
   2.0000000e+00  -5.1100204e-01   1.4119062e+00  -5.0790120e-01  -2.6320949e-01   8.9409881e-01   1.9177071e-01
   2.0000000e+00   5.2312158e-02   1.4267742e+00   1.1820446e+00  -9.7653832e-01   1.0823143e-01  -1.5584416e+00
   2.0000000e+00  -6.4603788e-02   1.4724936e+00  -6.6622419e-01  -1.8911839e+00  -3.1897370e-01   8.6161351e-01
   1.0000000e+00   1.3787122e-01  -1.5467126e-01  -1.0545729e+00   1.4538670e-01  -5.5742402e-01   4.4974932e-01
   2.0000000e+00   4.5520195e-01   8.1210940e-02   2.8711020e-01  -1.2262329e+00  -5.7107181e-01   1.1993264e-02
   1.0000000e+00   8.8914476e-01   1.4172321e+00   3.5568525e-02   3.2840894e-01  -4.0483061e-01  -1.1839387e-01
   2.0000000e+00   7.5421822e-01   8.5658705e-01  -1.8533618e-01  -6.8428104e-01   6.5188478e-01  -1.6616189e+00
   1.0000000e+00  -6.7837363e-01  -2.9409915e-01   1.0281740e+00   1.1119810e-01  -2.2241244e-01  -9.2375837e-01
   2.0000000e+00   2.0620544e-01   1.5211638e+00  -9.8519329e-01   3.0897424e-01  -2.9946280e-01  -1.3811614e+00
   1.0000000e+00  -1.1894972e+00  -4.0467140e-01  -1.2748943e+00   8.6350883e-01  -1.8946617e-01   4.0318544e-02
   1.0000000e+00   9.1761996e-01   5.5432020e-01  -1.0175748e+00   8.2209283e-01  -7.4899886e-01  -1.7467622e-01
   2.0000000e+00   1.2451881e+00  -4.4566930e-01  -6.0694773e-01  -1.7106244e+00   5.0895879e-01   1.3349229e+00
   2.0000000e+00  -6.1297450e-01  -9.9248649e-01   3.6597996e-01  -3.4515733e-01   1.1425665e+00  -1.7355582e+00
   1.0000000e+00   9.5093603e-01  -6.0661997e-01  -1.4725574e+00   2.8975383e-01  -7.9307010e-01   3.4337042e-01
   2.0000000e+00   7.7911541e-01  -1.0512804e-01   1.5880342e-02  -1.9922053e+00  -1.9643731e-02  -5.7974942e-01
   2.0000000e+00  -5.6942942e-01  -2.2399378e-01   3.7852644e-02  -7.7046161e-01   4.6558113e-01  -3.6592863e-01
   2.0000000e+00  -1.2539090e+00  -7.1814538e-01   6.9066988e-01   1.4170554e+00  -3.9306609e-01   1.4331657e+00
   2.0000000e+00   6.8319053e-01   5.7382589e-01  -1.2265378e+00  -1.8524920e-01   1.1348517e+00  -3.2423718e+00
   2.0000000e+00  -6.0380242e-01   4.8882385e-01   6.8189044e-01   8.0414054e-01  -1.2476613e+00   1.5811432e+00
   2.0000000e+00   5.2165035e-01   6.1590866e-01   1.3359606e+00  -6.4390046e-01  -2.1897065e+00   8.6924669e-01
   2.0000000e+00  -1.4874564e+00  -2.0055183e+00  -1.3759126e+00  -1.7220180e-01   7.4450423e-01  -7.9015567e-01
   2.0000000e+00   3.1932545e-01  -3.1367014e-01   2.9994140e-01   2.1188158e+00   2.2805303e-01  -1.2956534e+00
   2.0000000e+00   3.2558637e-01   9.5280033e-01  -1.9261141e+00  -7.4057813e-01  -1.0213201e-01   1.2574778e+00
   2.0000000e+00   1.6759248e+00  -7.2618563e-02  -1.8636411e+00  -2.0198065e-01   1.0745210e+00   1.7093220e-01
   2.0000000e+00   4.3975054e-02  -1.3019581e+00   1.3282278e+00   1.1944299e+00   5.4534926e-01  -8.9055716e-01
   1.0000000e+00   1.5894602e+00   4.7527640e-01   1.8634508e-01   7.9259935e-01  -1.1131471e+00   1.1480604e-01
   2.0000000e+00  -1.2976950e+00  -3.5881216e-01  -1.1915049e+00  -9.9938320e-02   1.9975662e-01   1.7929854e-01
   2.0000000e+00  -2.7636853e-01   2.1841418e-02  -1.1306771e+00  -2.5408430e+00   4.5023843e-02   4.7556364e-01
   2.0000000e+00  -1.7522596e+00  -2.1737332e-01  -2.3607737e-01  -1.8638248e+00  -1.3117577e+00  -1.3162941e+00
   2.0000000e+00  -5.8977260e-01  -1.5902248e+00  -3.9685170e-01   8.0078623e-01  -3.7261566e-01  -1.2055884e+00
   2.0000000e+00  -4.4577105e-02  -8.2755926e-01  -1.2160163e+00  -2.2459311e-02   5.1134686e-01  -6.0653155e-01
   2.0000000e+00   2.3953458e+00  -2.2774480e+00  -1.2195899e+00  -1.2804569e+00   1.6735651e-01  -6.5771764e-01
   2.0000000e+00   8.2182814e-01  -6.9032355e-01  -5.0429300e-01   1.4697692e+00  -3.6662769e-01  -7.7103774e-01
   2.0000000e+00  -1.6647995e+00  -1.7759937e+00  -7.7520010e-01   1.8240316e-01   2.1762506e+00   1.1142233e+00
   2.0000000e+00   6.6028269e-01   9.6245388e-01  -4.0816043e-01  -1.3625448e+00   7.7936953e-01   3.8568341e-01
   2.0000000e+00   8.7734870e-01   2.3378855e-02   1.1857940e+00   1.0828688e+00  -1.1370708e+00   6.5574774e-01
   1.0000000e+00  -9.4657299e-01  -1.0053261e+00   4.9591627e-01   7.1986584e-01  -1.4290548e+00   2.0343728e-01
   2.0000000e+00  -1.8056657e-01   1.5360723e+00   8.7894977e-01  -8.6255343e-01   1.1836233e+00  -1.5159794e-01
   2.0000000e+00  -7.3122903e-02  -3.5161188e-01  -3.8913588e-01  -3.2042221e-01   6.3632522e-02   3.8316693e-01
   2.0000000e+00   1.7980870e-01  -9.9843504e-01  -8.2179288e-01  -1.2689085e+00   7.2883564e-01  -3.5845196e-01
   2.0000000e+00  -1.2113178e+00   3.2547737e-01  -3.8920311e-01   1.0407006e+00   2.5943635e-01  -1.4775863e-01
   1.0000000e+00  -2.2018824e+00  -3.3119835e-01  -2.1054069e-01   4.4199997e-01  -3.0201928e-01  -1.9274886e-01
   2.0000000e+00   4.5388022e-01  -6.9693306e-01   9.7518647e-01   1.2881572e+00   9.5596492e-01  -9.4937864e-01
   2.0000000e+00   2.1173660e+00   1.5328262e+00  -8.9194894e-01  -1.7833532e-01  -1.8612970e+00   7.2106703e-01
   2.0000000e+00  -3.0766211e-01  -4.9409703e-01  -1.4443250e+00   1.1804042e+00  -9.7896109e-01  -1.8207479e+00
   2.0000000e+00   1.4102281e-01  -2.5246473e-01  -5.5300220e-01  -7.4800215e-01  -2.2372508e+00   3.5586091e-01
   2.0000000e+00   4.6785429e-01   8.3329275e-01  -9.9396718e-01  -9.2304272e-01   1.4843095e+00   3.2780961e-01
   2.0000000e+00   1.6204672e+00   6.0124978e-01  -1.3359163e+00   2.2291349e+00  -4.1572208e-01   3.6718591e-01
   2.0000000e+00  -3.5108225e-01  -2.5859989e-01  -9.1217821e-01   1.6384573e+00  -3.0609228e-01   9.1573359e-01
   2.0000000e+00  -6.4765255e-01   5.7314172e-01   1.2031392e+00  -1.3022633e-01  -7.1745019e-01  -2.6587087e-01
   2.0000000e+00   1.2047053e+00  -1.2888407e+00   1.2085742e+00  -1.9115574e-01  -3.4346184e+00  -4.4023487e-01
   2.0000000e+00  -4.8833688e-03  -2.9563740e-01  -1.9904142e-01  -1.2322616e+00   5.2273770e-01   8.9875168e-02
   2.0000000e+00   8.6361790e-01   1.9705708e+00  -2.7825632e+00   1.6054343e+00  -7.5069213e-02   1.2092800e+00
   1.0000000e+00   2.5135156e-01  -1.9602751e+00  -7.0826171e-01   3.2329138e-01   4.4371420e-01   8.0746454e-01
   2.0000000e+00   4.4159659e-01   2.5875468e-01   7.2373017e-01  -8.9093169e-01  -7.2650723e-01   9.8548896e-01
   2.0000000e+00  -2.9815259e-01  -1.7541408e+00  -1.0633551e+00   1.4701570e+00   3.1018618e-02   6.5833646e-01
   2.0000000e+00  -3.3330165e-01   1.1022706e+00   5.1945601e-02   5.9436324e-02   1.1331901e-01   1.3011886e+00
   2.0000000e+00   2.7618066e+00  -1.2985402e+00   2.2489468e-01  -5.5845496e-01  -2.6195700e-01  -9.4143234e-01
   1.0000000e+00   3.8667742e-01   1.4555329e+00  -6.0867756e-01   1.6214782e-01   1.7589149e+00   5.0947110e-01
   2.0000000e+00  -2.1105354e-01   1.4210776e-01  -6.3640237e-01   2.9999457e-01  -2.5263473e-01  -9.9813919e-01
   2.0000000e+00  -1.6810432e+00   1.3851642e+00   1.2101046e+00  -7.5829871e-01  -7.5800130e-01   7.3168791e-02
   2.0000000e+00   3.3871300e-01   1.7080435e+00  -1.7289245e+00  -1.1249098e+00  -2.0844462e+00   5.3959978e-01
   2.0000000e+00   2.0177277e+00   4.2029836e-01   1.9309348e-02  -1.1535175e-01  -2.4301659e+00  -1.9335486e+00
   2.0000000e+00   1.4125780e+00  -1.8835378e-01   3.3531043e-01   1.7016686e+00   1.3684612e+00  -1.1095298e-02
   2.0000000e+00  -6.3846117e-01  -7.0146433e-01  -1.8766906e+00   4.5330451e-01   1.3311030e+00  -1.0825760e+00
   2.0000000e+00  -1.1684680e+00   5.2175779e-01   3.9655070e-01   3.7594957e-01  -1.0446284e+00  -9.9667339e-01
   2.0000000e+00  -1.2698852e+00   1.2009436e+00  -2.7915092e-01  -6.2189726e-01   3.5505426e-01   7.5817692e-01
   1.0000000e+00   4.2608802e-02   8.3890889e-01  -5.9122402e-02   1.3542597e-01   6.2149898e-01  -9.5919526e-02
   2.0000000e+00  -2.4994662e-01   3.6638632e-01   9.3378038e-01  -6.6235363e-01   2.7716775e-01  -1.1449183e-01
   2.0000000e+00  -1.3466187e+00  -6.0628191e-01  -1.3244690e+00  -1.0507363e+00  -1.1679259e+00   7.1011689e-01
   2.0000000e+00  -5.8793001e-01  -1.3087559e+00   3.9630929e-01   9.9104703e-01   3.2013236e-01  -4.3400351e-01
   2.0000000e+00   2.2706182e-02   4.5115721e-01   1.0765248e+00  -9.7996131e-01  -9.6149845e-01  -1.1406165e+00
   2.0000000e+00   2.4343127e+00  -8.9476126e-01  -1.4048825e+00   1.2912434e+00   2.4363269e-01  -7.2720032e-01
   2.0000000e+00   6.3394348e-02   3.4020066e-01   6.6189022e-01   4.3227724e-01   7.2956473e-01  -1.2443722e+00
   2.0000000e+00  -6.1099649e-01  -1.1111558e+00   1.6954185e-01   2.1211735e-01  -4.3608905e-01   1.0146505e+00
   2.0000000e+00   2.1515301e+00   1.3435809e+00   1.4886561e+00   2.2274126e-02   9.8957903e-02  -1.7359987e+00
   2.0000000e+00  -8.7899179e-01  -1.3127102e+00   1.0125484e-01  -4.7727704e-02  -5.7460717e-01  -7.1253354e-02
   2.0000000e+00   1.3499538e+00  -4.0349315e-01  -7.0235666e-01  -4.9290467e-01   1.6046063e-01  -3.0243368e-01
   2.0000000e+00  -4.8195558e-01  -1.1026742e+00  -1.2456291e-01  -3.8586294e-01  -1.1161728e+00   9.1719185e-01
   2.0000000e+00  -9.7250565e-01  -1.2245832e+00   6.7381488e-01  -5.7617034e-01  -1.6712464e+00   7.9996007e-01
   2.0000000e+00  -1.2476887e+00   6.4801244e-01   9.5206868e-01  -6.0067526e-01  -2.0051170e-01   3.5643468e-01
   2.0000000e+00  -3.7923832e-01   9.1262012e-02   9.7339538e-01  -7.1687483e-01  -7.7819169e-02  -9.6780704e-01
   1.0000000e+00   1.0289226e-01  -2.6860114e-01  -8.5503663e-01   8.6686890e-02   9.9114347e-01  -5.4386852e-01
   2.0000000e+00  -6.1656671e-02  -6.4433310e-01  -2.5700663e+00  -2.3227505e-01  -5.4590710e-01   1.0115306e+00
   2.0000000e+00   7.7090138e-01  -5.0235205e-01   9.8994227e-01   7.1505192e-01   2.6736120e+00  -6.7816565e-01
   2.0000000e+00   1.8949235e+00   9.6028907e-01  -6.7845229e-01  -3.1826878e-01   1.2132195e+00   3.7961878e-01
   2.0000000e+00   5.0673380e-01   1.2547522e+00   1.8463324e+00   2.2816824e+00   7.1351606e-01  -9.0765777e-01
   2.0000000e+00  -6.4099759e-01   4.0720431e-01  -8.0688209e-01   8.3350446e-01   1.3091079e+00   9.5166303e-01
   2.0000000e+00  -6.5264878e-02  -1.1151330e-01  -1.1981240e+00  -1.3420110e+00  -5.1611641e-01  -4.9172856e-01
   2.0000000e+00   7.2823849e-01  -4.5784120e-01   2.0276687e+00   8.5297996e-01  -2.3526099e+00   5.1760396e-01
   2.0000000e+00  -3.5276167e-01   1.5508269e-01  -2.1530325e-01   7.7535249e-01  -4.6245482e-01  -1.8601011e+00
   1.0000000e+00  -2.7930257e-01  -7.1554645e-01   1.2295798e+00   1.1524398e-01  -1.0380625e+00   5.6063249e-01
   1.0000000e+00   9.9351765e-02  -2.0829286e-01  -7.3418693e-01   8.3408028e-02   1.1080135e+00   4.6189357e-01
   2.0000000e+00  -4.3063066e-01  -5.4294247e-01  -5.3802670e-02  -1.2675065e+00   2.0832014e+00  -5.9578490e-01
   2.0000000e+00   1.4847472e-01  -4.6900426e-01   1.2240040e+00  -7.7652959e-01  -3.0623932e-01  -9.2730454e-01
   2.0000000e+00  -1.5402146e+00   7.6388254e-01   4.5497707e-01  -8.5956807e-02  -5.3202756e-01  -5.4349610e-01
   2.0000000e+00  -2.8666844e-01  -2.1416504e+00  -4.0809228e-01   2.0950382e+00   1.9680094e+00  -9.9505508e-01
   2.0000000e+00   4.1730595e-01   1.7364079e+00   6.8318126e-02  -4.4340656e-01   2.1437519e+00  -2.2888845e-01
   2.0000000e+00   4.8267113e-01  -3.3597335e-01  -2.9312919e-01   5.8642518e-01  -7.5591191e-01  -1.3268289e+00
   1.0000000e+00  -5.2787973e-02   7.8853680e-02  -1.7563530e-02   1.7835100e-01  -4.6894838e-02   5.7805181e-01
   2.0000000e+00  -5.6682666e-01   1.2076550e+00  -4.2573386e-01  -6.7696849e-01   1.3100894e-01   1.4622431e+00
   2.0000000e+00   7.3778727e-01  -1.1625762e+00   8.4394197e-01  -8.3242444e-02   1.3983161e+00   1.0793093e+00
   2.0000000e+00   1.7612567e-01   3.5051302e-02   1.3983108e+00  -5.8408544e-01  -9.7916468e-01  -8.2471800e-01
   2.0000000e+00  -2.9052521e-01  -4.1650733e-01  -7.4255596e-03  -1.0040713e+00   2.6327574e+00   1.7365967e+00
   2.0000000e+00  -2.0606593e-02   4.4575763e-02   4.1178133e-01  -1.9531649e-01   1.7938047e+00  -3.4972768e-01
   2.0000000e+00   5.7764116e-01  -8.6647795e-01  -1.0097207e+00   7.4552323e-01  -2.0485984e+00  -7.7810196e-01
   2.0000000e+00  -3.1538670e-01   3.1354278e-01   1.5864185e+00  -3.5774489e-01  -1.5684404e+00   9.7279924e-01
   2.0000000e+00   9.5534049e-01  -1.0085183e+00  -6.2631518e-01  -5.6846072e-01   1.7680426e-01  -8.2234724e-02
   2.0000000e+00   5.4092167e-02  -2.8907231e-01  -7.2044801e-01   1.4583952e+00   5.8976435e-02  -1.0163928e-01
   1.0000000e+00  -1.2633198e-01   2.1265814e+00  -1.9094383e-01   8.7400288e-01  -1.2452019e+00   2.5397373e-01
   1.0000000e+00  -4.4062870e-01   9.6924250e-03   1.3295490e+00   7.5515412e-01   8.9493238e-01  -2.9534074e-01
   2.0000000e+00   1.2977497e+00  -9.3377591e-01  -1.9777130e+00  -5.5724006e-01  -6.3124085e-01  -1.2454812e+00
   2.0000000e+00   2.0270036e-01  -5.0261453e-01   1.2765193e+00  -2.2017967e-01   2.4968465e-03  -1.6444879e-01
   2.0000000e+00  -9.9305653e-01   1.4506150e-01   8.4275532e-01  -1.3021435e+00   8.1312591e-01   2.0500602e-01
   2.0000000e+00  -3.5139528e-01   2.9974799e+00   2.1277667e-01  -3.2809374e-01  -8.1341760e-01  -1.1505152e+00
   1.0000000e+00  -1.7066839e-01  -1.1423849e+00   3.9345758e-01   2.5803865e-01  -5.0541796e-01   1.7880378e-01
   2.0000000e+00  -2.7848727e-02   1.8140533e+00   1.0628584e+00   1.3110130e+00  -2.8924100e+00  -1.9809282e+00
   2.0000000e+00  -9.0050587e-01  -1.0701340e+00   3.1108762e-01  -1.8973482e-01   9.6872871e-01   6.7337107e-01
   2.0000000e+00   2.3158916e-01   1.8283114e-01  -3.5710822e-01  -7.1756034e-01  -7.3683823e-01   5.5679811e-01
   2.0000000e+00  -4.1656130e-01  -1.2168251e+00  -1.4714407e+00  -5.9296691e-01  -2.1568020e-01  -4.7938807e-01
   2.0000000e+00  -1.1435862e+00   1.7373731e+00  -1.4611281e+00  -7.6962405e-01  -4.3208699e-01  -8.3978941e-01
   2.0000000e+00  -3.2643607e-01  -9.3980952e-01  -8.9003611e-01  -1.0969569e+00   4.8704068e-01   8.4235056e-01
   1.0000000e+00   2.8664509e-01   5.9542251e-01  -5.9097437e-01   1.2714030e-01  -5.1969052e-01   6.9251117e-01
   2.0000000e+00   1.0987432e-02   1.4513402e+00  -8.3805517e-01   1.0675985e+00   1.1860952e+00   2.0003729e+00
   2.0000000e+00  -9.0950751e-01  -3.2550436e-01   7.2216280e-01  -2.0302290e-01  -1.2887714e-01   1.5273244e+00
   1.0000000e+00  -3.4732808e-01  -2.5360937e-01  -7.6245244e-01   3.6907710e-01   1.5445434e-01   6.1349721e-01
   2.0000000e+00   5.6697964e-01  -2.4950545e-01  -5.7335947e-01  -2.0323950e-01   1.6875796e+00  -6.3067461e-01
   2.0000000e+00   7.9857899e-01  -9.8971248e-01  -1.1252516e+00  -1.3368447e+00   6.9962499e-01  -1.1764005e+00
   2.0000000e+00  -8.3423609e-01   1.0232770e+00  -2.7382203e-02   2.2470595e-02   1.0496876e+00  -1.2234302e+00
   2.0000000e+00  -8.4898446e-01   9.6700588e-01   7.4824670e-01  -7.4696640e-01  -7.9219184e-01   1.3899737e+00
   2.0000000e+00  -1.0793810e+00   1.0048847e+00   1.0150978e+00   5.4632614e-01  -1.9312749e+00   1.5651702e+00
   2.0000000e+00  -1.6526527e+00  -8.5600122e-01   1.0630991e+00   3.6241334e-01   6.0408301e-02  -1.4404485e+00
   2.0000000e+00  -1.2180032e+00   1.7878574e-01  -1.5790287e+00  -4.0798156e-01   1.4622413e+00  -1.7205581e-01
   2.0000000e+00  -1.0711971e+00   1.3706773e+00   1.8348637e+00  -5.4082110e-01  -1.5099613e+00   1.9417253e+00
   2.0000000e+00   8.4438352e-01  -9.6517852e-01   1.9329295e+00   7.1719247e-01   3.1235339e-02  -8.9899711e-01
   1.0000000e+00  -4.0739956e-01   1.3581506e-01  -3.7197774e-01   4.4979517e-01  -1.2452479e+00   7.4810774e-01
   2.0000000e+00   1.4671943e+00  -2.2009229e+00   5.6272293e-01  -4.5295154e-01   1.8847548e-01  -2.9597565e-01
   2.0000000e+00   7.4898829e-01   9.7939855e-01  -3.5994671e-01  -5.4478398e-01   8.4881183e-02  -1.2486098e+00
   2.0000000e+00  -5.9312812e-01   1.3668941e+00   5.7769195e-01   1.6917018e+00  -8.1510939e-01  -9.6472963e-01
   2.0000000e+00  -1.0109005e+00  -8.3656306e-01  -1.0806469e+00  -5.5731794e-01  -1.4538341e-01   4.8265816e-01
   2.0000000e+00   2.5048883e+00  -5.7723617e-02  -1.5318378e+00  -7.1147464e-01  -8.6073980e-01   1.3878519e+00
   2.0000000e+00  -1.6442459e+00   1.0159088e-01   1.4866465e+00  -1.0806164e+00  -6.6081885e-01  -8.4045504e-01
   2.0000000e+00  -4.2432728e-01   2.8198600e-01  -1.1380121e+00  -1.8670795e+00  -1.2800305e-01   2.0182002e-01
   2.0000000e+00   6.1427919e-01   2.6472074e-01   9.2601803e-01   6.7445644e-01   1.2447958e+00  -9.7367454e-01
   1.0000000e+00   1.4268804e+00  -6.4932971e-01  -4.4482846e-02   1.3867430e-01   6.4490617e-01  -6.3788965e-01
   2.0000000e+00   1.1757923e+00  -6.1392014e-02   1.7875073e+00  -2.4562830e-01   1.0224937e+00   1.8821695e-01
   2.0000000e+00  -1.5838470e+00   4.3413727e-01  -3.4407864e-01  -8.6487432e-02   6.6789472e-01  -1.2782120e+00
   2.0000000e+00   1.6251134e-01   4.3000054e-01   4.6163492e-01   2.1624320e-02  -9.6052029e-01  -1.1046124e+00
   2.0000000e+00   1.4783640e+00  -5.3703146e-01   1.5827013e+00   1.4229894e+00   2.6241384e+00  -9.0650375e-01
   2.0000000e+00   3.0002525e-01   3.6163659e-01  -1.2900569e-02   1.9157334e-01  -2.8375919e+00   2.8026391e-01
   1.0000000e+00   1.9377901e-01   4.3113818e-02   4.5208382e-01   4.4508417e-02   8.2938438e-01   3.8095675e-01
   2.0000000e+00  -5.6537850e-01   3.0357120e-01  -3.5471225e-01   9.2264536e-01  -7.6862357e-01  -1.3291897e+00
   2.0000000e+00   4.3012845e-02  -1.6626461e+00  -1.0682205e+00  -1.2244895e+00  -6.7717620e-01   1.2400993e+00
   1.0000000e+00  -1.7097550e-01   7.0769339e-01  -8.7653403e-01   2.5559256e-01   2.4371339e-01  -5.3040989e-01
   2.0000000e+00   3.4491030e-01   6.0357698e-01  -2.0193121e+00  -1.9086795e+00  -5.3331690e-01   2.4376922e+00
   2.0000000e+00  -3.9262227e-01  -4.0383162e-01   5.2255732e-01  -1.2268667e+00   6.9670714e-01  -1.6285374e+00
   2.0000000e+00   6.3432253e-01  -5.0589780e-01   7.9653214e-01   1.2624162e+00  -5.6823816e-01   8.5360519e-01
   1.0000000e+00  -1.0102571e+00  -2.2903967e+00   1.8536983e+00   6.9529853e-01   2.5780445e-01   3.7451505e-01
   2.0000000e+00   3.6807915e-02   1.6717187e+00  -2.2756799e+00  -8.2348892e-01   2.3610747e-01   1.5341533e+00
   2.0000000e+00   1.4705437e+00  -4.4708188e-01  -1.7089984e+00   5.6069549e-01   5.7851352e-02   1.1182239e+00
   2.0000000e+00  -4.6429179e-01   5.0614864e-01  -1.6372568e+00  -9.6347973e-01  -6.1608878e-01  -1.9007601e+00
   2.0000000e+00  -1.4238196e+00  -1.8304466e+00  -3.6784584e-02  -4.9493558e-01  -2.7596841e+00   5.9211119e-02
   2.0000000e+00  -7.0387733e-02  -1.5667384e+00  -3.4478663e-01  -3.0927295e-01   6.4558144e-01   1.2204132e+00
   2.0000000e+00  -8.3513620e-01  -5.4888099e-01   2.0294232e+00   9.0788948e-01  -1.2539187e-01  -7.1445460e-01
   2.0000000e+00   1.0864322e+00   1.3844839e+00   7.9568742e-01   1.5805568e+00   3.6658197e-01  -6.0084861e-02
   2.0000000e+00   7.3367028e-01   1.1224700e+00   1.0202045e+00  -5.4218981e-01   1.0779169e+00   1.5150335e+00
   1.0000000e+00   2.1624142e-01   1.0405457e-01  -1.0382512e+00   1.5382017e-01   6.5536312e-01   4.8026613e-01
   2.0000000e+00  -4.5188244e-01  -1.8976813e+00  -5.8304207e-01  -1.0184725e+00   8.3922031e-01  -1.0214316e-01
   2.0000000e+00   6.9299897e-01   5.7782691e-01   1.2108657e+00  -7.9823895e-01   1.9972755e-02   7.7525689e-01
   2.0000000e+00  -1.6533904e-01  -2.2566059e-02   5.1951498e-01  -3.9203945e-01  -8.0218340e-01  -1.4583498e+00
   2.0000000e+00  -1.5711918e+00   6.6524321e-01  -7.8517934e-01  -6.1554752e-01   4.3239092e-01  -2.9602544e-01
   2.0000000e+00  -1.3304344e-01  -3.9890398e-01  -8.3132273e-01   1.1676515e+00   1.5680008e-01  -1.0042660e-03
   2.0000000e+00   1.7907151e-01  -4.0670535e-01   1.6334067e+00  -2.0538135e+00   1.2147049e+00  -1.2510213e+00
   1.0000000e+00   9.7028342e-01  -2.2576611e-01  -1.2822383e+00   5.7850912e-02  -1.8813703e+00   8.1444033e-02
   2.0000000e+00  -2.0321256e+00   2.7760070e-01  -3.8702062e-01   8.2038132e-01  -6.3098566e-02   7.0718071e-01
   2.0000000e+00  -1.0591349e+00  -7.8804403e-01   1.5407548e+00  -9.8314114e-01   4.3387389e-01  -1.3267029e+00
   2.0000000e+00  -2.2234899e+00  -4.9773508e-02  -9.7731164e-02  -1.3485586e+00  -1.6875871e+00  -3.9931365e-01
   2.0000000e+00  -6.5660064e-01   1.0347542e-02  -6.3510785e-01  -9.0992681e-01  -1.5691294e-01   2.7221890e-01
   2.0000000e+00  -9.3933037e-02   9.4863217e-01   6.0603630e-01  -1.7876124e+00   2.2436563e+00   6.6358708e-01
   2.0000000e+00   5.7167588e-01   7.9670760e-01   1.6204544e+00   1.6832916e+00  -2.1628966e-01   2.2192550e+00
   2.0000000e+00   2.1166023e-01  -7.5702861e-01   2.2033661e-01   1.0467293e+00   3.3641632e-01   6.6229518e-01
   2.0000000e+00  -5.8738461e-01  -6.0745521e-01  -7.2882254e-01  -9.0205837e-01   6.0214821e-01  -1.6649301e+00
   1.0000000e+00   1.3814835e-01   2.6810590e-01   3.8106295e-01   1.0081206e-01  -7.7037635e-01  -5.8556693e-01
   2.0000000e+00   1.1645917e+00   7.0958953e-01   4.2276169e-01  -3.8400321e-02   9.6374307e-01  -8.3497502e-01
   2.0000000e+00  -8.3448535e-01   4.3817265e-01   2.0082403e-01  -1.7519815e+00   5.8473520e-01  -3.3420735e-01
   1.0000000e+00   1.6833115e-01  -6.2543433e-01  -2.2084080e-01   1.0433704e-01  -6.3070243e-01  -2.5266532e-01
   2.0000000e+00   6.2973291e-01  -1.5594849e+00   1.8270839e+00   7.3054176e-01  -2.6606233e+00  -1.1537030e-01
   2.0000000e+00   6.5572447e-01   3.8693260e-01  -9.5166322e-01  -5.5114179e-02   5.4464773e-01  -6.8458999e-01
   2.0000000e+00   4.1386475e-01  -6.4662848e-01   5.0747635e-01   7.5500769e-01   7.8972834e-01  -1.6127614e+00
   2.0000000e+00   5.2566289e-02   2.7854511e-01  -1.1213573e+00   8.6620048e-01   2.2080672e-01   9.4768238e-01
   2.0000000e+00  -6.0288651e-01   2.8506987e+00  -9.7923188e-01   6.0511136e-01  -9.5727347e-01   1.5525739e+00
   2.0000000e+00   1.6031980e+00   1.5230008e+00  -1.0390263e-02  -2.0327664e+00  -7.3996301e-01  -7.5651069e-02
   2.0000000e+00   4.4666205e-01   1.0020151e+00  -7.1016488e-01   4.2339995e-01  -1.9584188e+00  -1.1643250e+00
   2.0000000e+00   4.6779099e-01  -3.4063002e-01  -3.5241412e-02   5.8805620e-01   7.5009327e-01  -1.9201228e+00
   2.0000000e+00   3.2120355e-01   1.5674259e+00   2.3085974e-02  -4.5372560e-01   3.3474516e-02   4.5747634e-01
   2.0000000e+00  -8.8770988e-01   1.1470161e+00  -7.0366339e-01  -3.8155429e-01   1.0664682e+00  -4.9455080e-01
   2.0000000e+00  -2.5806592e+00  -9.5488860e-02   8.0543647e-01  -4.9405898e-01   6.4603909e-01  -1.2060263e+00
   2.0000000e+00   2.9140207e-01  -6.6512427e-01   3.9820607e-01  -2.3283628e+00  -6.2059681e-01  -4.2534795e-01
   2.0000000e+00  -8.2347790e-01  -7.0305727e-01  -8.1822684e-01  -1.3049166e+00  -1.0221837e+00   4.1217462e-01
   2.0000000e+00   7.8260436e-01   9.2863190e-01   4.9384588e-01   3.2654404e-01  -1.1328047e+00  -1.6249256e+00
   1.0000000e+00  -1.7714814e+00   2.6454403e-02   1.2038445e-01   5.1380907e-01   8.7448914e-01  -3.8908693e-01
   2.0000000e+00   1.6190021e+00   6.9574656e-01   1.0311966e+00   8.7222679e-01   1.1485474e+00   2.0048459e+00
   2.0000000e+00   2.2920848e-01   2.1355775e-01  -3.9010629e-01  -1.0439188e-01   5.1009652e-01  -1.4314152e+00
   2.0000000e+00   1.3361763e+00   1.7303256e+00  -6.5270918e-01  -4.7531913e-01  -5.4234443e-01   4.2534271e-01
   1.0000000e+00   5.6088331e-01   1.2856652e+00   6.4532274e-02   7.8185608e-01  -1.4369405e+00   2.8285137e-01
   2.0000000e+00  -1.1260139e-01  -9.8881562e-01   5.1641471e-02  -3.6484981e-01   5.6650619e-01   2.3585764e+00
   2.0000000e+00   2.7555675e-01  -9.2560039e-01   2.2212856e+00   1.0128570e+00   4.6214462e-01  -1.1353460e+00
   1.0000000e+00   5.6044004e-01   1.1778394e+00   9.0182566e-02   4.3486414e-01  -1.4998760e+00   6.3899480e-01
   2.0000000e+00  -1.0990059e+00  -1.1583759e+00  -1.1391590e+00  -9.4133183e-01   5.9363386e-01  -6.6812411e-01
   2.0000000e+00  -4.2998043e-01   3.1215065e-01  -1.5768149e+00   6.7535175e-01  -7.0839096e-01  -1.3943663e+00
   2.0000000e+00   2.0448666e-01   1.6832570e-01  -1.4592491e+00   1.1264795e+00   2.0662810e+00  -1.3039071e-01
   2.0000000e+00   3.4252889e-01  -1.5504100e+00   2.0673439e-01  -7.4782137e-01  -5.1012421e-01  -1.5774961e+00
   2.0000000e+00   2.7441315e-01  -1.2333627e-01  -5.1074179e-01   7.2280840e-01  -2.4461216e+00  -1.1610249e+00
   1.0000000e+00  -7.8821621e-01   5.0639197e-01  -1.0097960e-01   2.1219259e-01  -1.2302862e+00  -8.3046215e-01
   1.0000000e+00  -5.1845359e-01  -4.0928906e-01   1.1955844e-02   5.6608472e-01   2.1712587e-01  -6.1944488e-01
   2.0000000e+00  -1.2960651e+00  -4.3117990e-01   7.7490614e-01   1.9408700e+00   1.5959613e+00   3.1487512e-01
   1.0000000e+00  -1.0666480e+00   1.0809574e-01  -2.1227266e-01   3.3460062e-02   8.0908233e-01   1.0601825e-01
   2.0000000e+00  -6.3899398e-01   5.8927402e-01   1.1525169e+00   2.0140719e+00   2.3862095e-01  -9.9147250e-02
   1.0000000e+00   6.7781461e-01   7.1208812e-01  -2.2793375e+00   2.0090522e-01   7.9065194e-02  -7.0926757e-01
   2.0000000e+00   1.9760117e-01   2.3421897e-01  -9.3710089e-01  -5.9958587e-01   2.2529397e+00   6.5742139e-01
   2.0000000e+00  -7.6705759e-01  -1.0059253e+00  -1.1096537e+00  -2.1655884e-01   8.0812822e-01   4.4069903e-02
   2.0000000e+00   6.6024859e-01  -1.4520725e+00   1.1103424e+00  -7.2082802e-01  -1.9752851e-01   1.7327334e+00
   2.0000000e+00   6.7850899e-01   1.2941987e+00  -9.7312057e-01  -8.7279529e-01   2.2287570e+00   9.7177766e-02
   2.0000000e+00  -1.4673648e+00  -4.6250318e-01  -4.5805133e-02  -3.4771340e-01   5.5683027e-01  -7.8649401e-01
   2.0000000e+00   1.7144327e-01  -5.4105562e-01   1.2215577e+00  -1.3163413e+00   8.0243870e-01   5.0076306e-01
   1.0000000e+00   9.0340541e-01  -1.3137853e+00  -1.0620413e-01   4.7031488e-01   5.7333360e-01   1.4319150e-01
   2.0000000e+00  -2.1037475e+00   1.5917303e-02  -7.1370361e-01  -1.3473865e-01   5.3495168e-02  -3.3294760e-02
   1.0000000e+00  -1.2757954e+00  -5.3764919e-01   6.9999143e-01   4.7169030e-02  -3.7098391e-01   7.6042780e-02
   2.0000000e+00   1.5931478e+00   1.8474722e+00  -2.6113501e+00  -2.7397048e-01   5.8707648e-01   3.1762190e-01
   2.0000000e+00  -2.4557518e-01   7.5674667e-01  -3.9842219e-01   6.4707782e-01  -1.3408845e-02   1.2729300e+00
   2.0000000e+00   1.1361713e+00  -5.6192172e-01  -4.5755340e-01   7.0410610e-01   3.4479115e-01   1.0424197e+00
   1.0000000e+00   1.3906385e+00  -3.0993994e-01  -8.6304518e-03   4.0698487e-01  -1.6189643e+00  -6.1543341e-01
   1.0000000e+00   1.3417349e+00  -2.5679913e+00  -5.1264752e-01   7.6905468e-02   5.3478419e-01   8.5017953e-01
   2.0000000e+00  -5.7831601e-01   5.0120458e-01   5.3882800e-02   5.3525490e-01   1.1709591e-01   9.8034145e-01
   1.0000000e+00   6.9750085e-02  -2.0099802e+00   9.1601086e-01   4.2865784e-01  -4.2681151e-01  -1.3538014e-01
   2.0000000e+00  -7.0508968e-01  -9.7361137e-01  -1.4919829e-01  -1.0330024e+00   6.0139186e-01   6.4116418e-01
   2.0000000e+00   7.8361772e-01  -2.6036751e-01  -1.7990891e+00  -2.1666227e+00   1.5948063e+00  -1.3222073e+00
   2.0000000e+00  -1.1320458e-01  -1.5208223e+00  -4.7083967e-01   1.0213386e+00  -3.0617304e-01   7.8570151e-01
   2.0000000e+00  -9.1947526e-01   1.7461703e+00   2.0246564e+00  -6.7589315e-01   2.6477491e-01   6.8275645e-01
   2.0000000e+00   6.5782420e-01  -1.1036749e+00  -1.3134810e+00   1.5092816e+00  -9.0632941e-02   4.7668746e-01
   2.0000000e+00  -3.1976319e-01   2.3444042e-01  -8.5624120e-01   1.2714064e+00  -4.6016164e-01   1.7475798e+00
   2.0000000e+00   8.7804830e-01  -2.7856986e-01   1.4911246e+00   1.0539905e+00   1.0249572e+00  -1.1092913e+00
   2.0000000e+00   2.5636294e-01  -1.9370583e-01   1.8642512e+00  -3.3366520e-01   4.8006471e-01  -4.3219695e-01
   1.0000000e+00   6.6069719e-01  -8.5493018e-02  -6.6813521e-03   6.7324855e-01  -1.0551950e-01   6.1514308e-01
   2.0000000e+00   1.3151467e+00  -6.4767191e-01   1.3817571e+00   1.0758549e+00   1.0873262e+00  -9.3960838e-01
   2.0000000e+00  -1.3564992e+00   9.8357199e-01  -1.5190321e+00   1.3770459e+00   6.4573738e-01  -1.2460759e+00
   1.0000000e+00  -7.8294066e-01  -6.9548061e-01  -3.6347357e-01   7.3773891e-01  -6.6601850e-01   4.0398267e-01
   2.0000000e+00   2.1721529e-01   2.0248249e-01   6.9020738e-01  -3.9036853e-01  -4.1601794e-01  -1.9473188e-01
   2.0000000e+00   9.2111311e-03  -8.1905790e-01   1.9538138e+00  -2.2935353e-01   5.8458708e-02   1.4011905e+00
   2.0000000e+00  -7.1870568e-01   6.2224280e-01   2.0225959e+00   8.0893825e-01   7.1875892e-01   6.6664585e-01
   2.0000000e+00   1.0095424e+00  -3.9896871e-01  -1.8757620e-01  -2.0795458e-01  -1.5150114e+00  -2.0866734e-02
   2.0000000e+00   1.0805341e+00   4.3320745e-01  -2.6289128e-01   1.2988427e+00  -1.1093565e-01  -3.5142865e-01
   2.0000000e+00   1.6517105e-01   2.0278341e+00   1.0769894e+00   3.7930200e-01   1.2412937e+00   9.7225378e-01
   2.0000000e+00  -5.7798783e-01   4.8612206e-01   7.4563218e-02  -4.3771107e-02   4.6410976e-01  -3.9494349e-01
   2.0000000e+00   1.0912352e+00   1.1666210e+00   5.7651025e-01  -1.7351955e+00   3.5553257e-01  -1.4294203e+00
   1.0000000e+00   2.8853459e-01   6.6685597e-01  -1.0683764e+00   1.9384784e-01  -1.2079358e+00   5.7665881e-01
   1.0000000e+00   4.6472000e-01  -2.1080377e+00   1.3145895e+00   3.1756869e-01   1.1617322e-02  -5.5864985e-01
   2.0000000e+00  -1.3852001e-01   1.5828165e+00   1.0745453e+00  -1.7910829e-01  -3.3423324e-01   1.3813420e-01
   2.0000000e+00   3.0338119e-01   8.1495854e-01  -6.6108162e-01   2.2747853e+00  -2.0424300e+00   3.5305882e-01
   1.0000000e+00   5.3460809e-01   3.9997438e-01  -2.4378396e+00   4.1493581e-02  -2.6280491e-01  -7.8479733e-01
   1.0000000e+00  -1.4722960e+00  -2.6323995e-01   8.1129743e-02   6.2800134e-01   2.2597707e-01  -3.1502668e-01
   2.0000000e+00   3.4214264e-01  -5.0649194e-01  -2.0307472e-01   6.4228547e-01  -2.7607284e-01   2.0482995e+00
   2.0000000e+00   1.8750654e+00   1.6904162e+00   2.3945099e+00  -1.5387188e-01  -6.7325775e-02   2.0117662e+00
   2.0000000e+00   4.6789757e-01  -2.9003202e-01   6.3669977e-01  -4.2241138e-01   2.2801458e-01  -1.4951440e+00
   2.0000000e+00   4.0207352e-02   1.6497357e-01  -6.6780392e-01  -5.8034538e-01  -1.0933079e+00  -2.3103909e-01
   1.0000000e+00   6.9307906e-01  -1.3442148e-01  -1.5038318e+00   1.2115043e-01  -9.1961448e-01   1.4709818e-01
   2.0000000e+00  -2.6890527e-01   1.5956857e-01  -1.2158470e+00  -7.4699903e-01  -9.3941999e-01   1.7079740e+00
   2.0000000e+00  -4.3615684e-02  -9.9400391e-01   1.5384382e+00  -4.1644555e-01  -4.8152064e-01   1.4770097e+00
   2.0000000e+00  -3.5820109e-01   2.1294160e+00  -1.5385886e+00  -1.3986556e+00  -1.6454814e+00   2.0856903e+00
   2.0000000e+00   7.2070608e-01  -1.7911084e+00  -6.2563221e-01   1.3008609e+00  -8.2145570e-02   5.5542940e-01
   2.0000000e+00  -1.7792012e+00   6.1890080e-01  -6.9902162e-01  -8.8270443e-01   7.2812501e-01  -5.4210613e-01
   1.0000000e+00  -4.3292080e-01  -1.7754089e+00  -4.2712904e-01   1.9246371e-01  -8.0250534e-01  -4.2348098e-01
   2.0000000e+00  -4.8301585e-01   9.7510842e-01   1.4037684e+00   3.8753777e-01   2.1962898e-01   2.0136514e+00
   2.0000000e+00   1.7421883e-01  -6.6301522e-02  -4.1566012e-01  -1.0968173e+00  -1.7752037e-02  -5.7108520e-01
   2.0000000e+00   6.8048172e-01   9.0006188e-02   2.0388545e-01  -1.5827428e+00  -1.5925421e+00   1.0763512e+00
   2.0000000e+00  -2.4082006e-01  -4.2482141e-01   1.0227683e+00   1.9132111e+00  -1.5416822e+00  -1.7476367e-01
   2.0000000e+00  -5.3601422e-01  -3.2230464e-01   2.1101073e+00  -1.3865290e-01  -1.2044780e-01  -3.2823018e+00
   1.0000000e+00  -7.7210219e-01  -1.9157850e+00   1.2017452e+00   5.5792129e-01  -4.1400323e-01  -3.4524118e-01
   1.0000000e+00   1.3020242e+00   4.3488990e-01  -6.4496814e-01   2.5627837e-01  -9.5196430e-01  -3.0339981e-01
   2.0000000e+00   2.8749866e-01   8.1416132e-01   4.9013175e-01  -3.0054934e-01  -2.7141250e+00   1.9976808e+00
   2.0000000e+00   7.6648010e-02  -1.2917698e+00   2.0604974e+00  -7.1071682e-01  -1.1760775e+00  -8.0939682e-01
   2.0000000e+00  -6.6221467e-01   3.6731969e-02  -1.6102390e+00  -7.6793062e-01  -7.8723557e-01  -8.0868566e-01
   2.0000000e+00   1.8308277e-01  -1.2636004e+00  -1.7688645e+00   1.2689734e+00  -4.1049354e-01  -7.1920783e-01
   2.0000000e+00   2.2022157e+00  -2.4333422e-01   1.0755027e+00   9.3760307e-01  -1.5981017e+00   8.4041297e-01
   2.0000000e+00   1.7477317e-02   3.5721999e-01   4.0006063e-01   9.9850128e-01  -1.5333784e-01   1.6396073e-01
   2.0000000e+00   1.8208928e-01  -2.9712625e-01   1.7419056e-01  -1.9249501e+00  -1.6149857e-01  -1.1687859e+00
   2.0000000e+00  -1.2380414e+00   4.6538977e-01   1.7926503e-02  -2.8947698e-01   1.8924782e+00   1.3449643e+00
   2.0000000e+00  -7.7445156e-01   7.8290020e-02   5.3234153e-01  -4.0398830e-01  -7.8900893e-01  -9.0764925e-01
   2.0000000e+00   5.5780360e-01  -1.4712149e+00  -1.1828999e+00   6.8081947e-01   9.1282505e-01   1.4408108e+00
   1.0000000e+00  -1.7280883e-01   1.3676193e+00  -8.8560343e-01   9.1199726e-01   4.1468202e-01  -1.7934699e-01
   1.0000000e+00   1.0389988e+00   1.8197087e+00  -5.6152577e-01   6.8354435e-01  -1.0961301e-01   3.9854361e-01
   2.0000000e+00   9.2059081e-01   1.4000713e-01   3.2314279e-01  -1.8588793e-01  -1.4130147e+00  -1.1907014e-01
   2.0000000e+00   1.7132389e+00   2.2949357e-01  -1.8700623e+00  -7.3853093e-02   7.7700077e-01   2.5585541e-02
   2.0000000e+00  -2.0164426e-01  -5.1266057e-01  -1.0971469e+00  -6.0048901e-01   1.4662050e-01  -2.2731356e-01
   1.0000000e+00  -1.5994935e+00  -1.0463842e-01   9.0076889e-01   3.7785870e-01  -1.0256224e+00  -9.6550718e-02
   2.0000000e+00   1.4076584e+00  -1.5961967e+00   8.7591015e-01  -2.7155033e-01   5.2340844e-01  -3.5634004e-01
   1.0000000e+00  -2.1672534e+00  -7.2484680e-01  -9.7979628e-01   2.8763219e-02   1.3560830e+00   1.0316787e-02
   1.0000000e+00  -4.2538831e-01   3.9835775e-01   4.1132642e-01   6.0030325e-01  -2.3587837e-01  -5.5601797e-02
   2.0000000e+00  -1.8446651e+00   5.8178886e-01   5.0681797e-02   1.5834767e+00  -1.1009854e-01  -7.0652817e-01
   2.0000000e+00  -7.9166487e-01  -6.5277327e-01   1.4903114e+00   7.2273326e-02  -8.9325983e-01   1.1700402e+00
   2.0000000e+00   7.8847217e-01  -1.6381067e+00   4.6639934e-01  -1.6425582e-01   4.0650852e-01  -1.6595423e-01
   2.0000000e+00  -1.0905967e+00   3.9086626e-01  -5.2163799e-01  -4.6910747e-01   6.2984682e-01   2.8197307e-01
   2.0000000e+00   5.7353270e-01   6.9487387e-01   4.8714239e-01  -5.1933630e-01  -1.0837903e+00   1.3826443e-01
   2.0000000e+00   8.7972801e-01  -1.2011196e+00  -1.5745665e-01  -6.4416645e-01   3.6177797e-01  -1.2900980e+00
   2.0000000e+00   6.6713033e-01   2.0433429e-01  -1.2127704e+00  -1.6313915e+00   8.1720676e-01   1.5218033e+00
   1.0000000e+00   7.4568150e-01  -5.2250418e-01   8.9353553e-02   1.2906499e-01  -1.9063850e+00  -9.6723504e-02
   1.0000000e+00  -4.1504686e-01  -2.8170387e-01   1.0940116e+00   3.3288209e-02   2.9031429e-01   9.3450424e-01
   2.0000000e+00  -1.1295360e+00  -1.1824575e+00  -2.7011292e-01   1.2785870e+00  -1.3154065e-01   1.0042395e+00
   1.0000000e+00  -6.5601410e-01  -1.0730943e-01  -2.4738158e-01   1.2726775e-01  -1.1019374e-01  -9.6100284e-01
   1.0000000e+00   1.3350399e+00  -2.5530562e-01   1.1773613e+00   4.3164929e-01   1.4653957e-01   5.3473300e-01
   2.0000000e+00   1.5335769e-01   1.7869635e-01   1.0138013e+00   9.1172987e-01  -9.7079021e-01  -1.2554137e+00
   2.0000000e+00   4.2742020e-01  -2.0367198e-01  -1.0968717e+00  -1.7872415e+00  -8.8277979e-01   4.5347645e-01
   2.0000000e+00  -9.8620135e-01   1.6669110e-01   1.1600076e-01  -2.1906642e-01   8.9355696e-02   8.6056340e-01
   1.0000000e+00  -3.4298463e-01   8.6575230e-01   5.2598106e-01   1.5525773e-01   1.2860425e-01   9.4472058e-01
   2.0000000e+00   1.6280669e+00   4.4543611e-01   1.1826556e+00  -1.7982734e-01  -1.1697681e-01   1.0458347e-01
   2.0000000e+00   1.2762232e-01   1.0501776e+00   9.3237342e-01   7.1165997e-01   1.7291474e+00   1.1159278e+00
   2.0000000e+00  -7.2895885e-01  -4.0039693e-01   1.5418205e+00  -1.9847814e+00   4.3358330e-01  -8.0512534e-01
   2.0000000e+00  -7.8113843e-01  -5.1628171e-02  -1.5223661e-01   1.4622564e+00  -4.3919777e-01  -1.3184426e+00
   2.0000000e+00   6.2180813e-01  -9.7985201e-01   4.4207622e-01  -9.4448015e-01  -1.8254510e-01   4.0176174e-01
   2.0000000e+00  -5.5284207e-02   3.3035234e-01  -1.3342430e+00  -1.6498785e-01  -1.6299229e+00   4.6257918e-01
   2.0000000e+00  -6.6913335e-01   4.8503642e-01   2.5108142e+00   3.5681363e-02  -2.8444318e-02  -1.1310537e+00
   2.0000000e+00   6.9541539e-01   6.9212835e-01   1.1413960e+00   5.2336786e-01  -2.8380316e-02  -1.3856399e+00
   2.0000000e+00  -8.2614385e-01   1.5346197e+00  -1.1171785e+00   9.4890368e-01   8.5383979e-01  -4.4788851e-01
   1.0000000e+00  -2.2965132e+00  -1.7895618e+00   9.8931050e-01   3.6607755e-01  -8.3069410e-01   3.8571350e-01
   2.0000000e+00  -9.1083831e-01  -1.2503801e+00   8.3168039e-01  -4.5351940e-01  -9.6835993e-01   1.1311501e+00
   2.0000000e+00  -1.4624900e+00   1.6255969e+00   4.6588885e-01  -1.3884808e-01  -7.4186096e-01  -6.8752052e-01
   2.0000000e+00  -5.1219728e-03   1.3602585e-01   1.1491014e+00  -3.5246513e-01  -1.1926775e+00   4.8649962e-01
   1.0000000e+00  -4.4792839e-01  -6.9945183e-01  -1.9776990e+00   3.6893604e-01   1.2209378e+00   4.3921009e-01
   2.0000000e+00  -5.4102224e-01  -5.6879162e-01  -5.5550536e-01   4.9300249e-01  -1.2862958e-01   1.1659850e+00
   2.0000000e+00  -7.5265942e-01  -6.1470603e-01   3.8116154e-01  -4.2083071e-01   1.2496857e+00  -6.8519838e-01
   2.0000000e+00   6.6790852e-02   6.0146776e-01   5.1361332e-01  -3.4685634e-01  -2.2995384e-02  -2.1681560e-01
   2.0000000e+00  -3.7113463e-01   4.4365808e-02  -1.9606678e+00   2.3603098e+00   1.3550657e+00   6.4017553e-01
   2.0000000e+00   2.3022013e-01  -1.3183413e+00   1.7447928e+00  -2.4074800e-01   4.5307564e-02  -1.0662858e+00
   2.0000000e+00  -2.7005162e+00   2.1419576e-01  -4.0154737e-01  -1.3198967e-01  -1.7179874e-01  -1.5323524e+00
   2.0000000e+00   6.6220177e-01   6.0714638e-01   1.4002633e+00  -5.5487997e-01  -1.7027654e-01  -1.9646299e+00
   2.0000000e+00   7.4992714e-01  -1.0517106e+00   1.7648149e+00  -4.9881162e-01  -1.7421001e-01  -1.3358122e+00
   1.0000000e+00   1.3076337e+00   6.8094837e-01  -1.1824109e+00   5.4550570e-01  -7.6450136e-01   8.2588322e-01
   2.0000000e+00  -2.2888204e-01  -1.3018669e+00   2.5191409e+00  -8.5939849e-01   1.5620095e-01   1.5014997e+00
   2.0000000e+00  -1.1211816e+00  -2.1162776e+00  -9.0463523e-01   9.6571254e-01  -2.0059997e+00   1.5321491e+00
   2.0000000e+00  -1.3141614e+00  -1.1826858e-01   1.1412231e-01  -4.6214040e-01  -1.1436493e+00  -5.7015059e-01
   1.0000000e+00  -1.2482516e+00   1.0818569e+00   6.8516504e-01   3.2793912e-01  -1.1055787e+00  -2.1087825e-01
   2.0000000e+00   4.2837604e-01  -1.3933846e+00   6.5460796e-01  -5.5534825e-01   3.5285851e-01  -1.3829593e+00
   2.0000000e+00   4.7903864e-01  -1.3170929e+00  -1.5450318e-01  -3.7416239e-01   5.9278204e-01  -1.7111512e+00
   2.0000000e+00  -7.2560834e-01   1.2933647e+00   1.0158873e+00  -1.5853373e+00  -1.3756370e+00  -2.5119701e-01
   2.0000000e+00  -1.0691292e+00  -2.8013907e-01  -2.8267118e-01  -6.7826199e-01  -2.0553408e+00   8.2273378e-01
   2.0000000e+00   1.7338927e+00   6.7721376e-01  -9.9066509e-01  -9.5482695e-01  -1.0452122e+00  -5.1430080e-01
   1.0000000e+00  -5.7699889e-01   7.5708050e-01  -4.0330068e-01   6.0956172e-01   4.8802698e-01  -5.3814239e-01
   1.0000000e+00   1.1360768e+00   1.5545314e+00  -9.5429883e-01   2.2211523e-01   1.6404315e+00   1.8604433e-01
   2.0000000e+00   5.6891674e-02   2.4557720e+00  -1.1073361e+00  -1.6248825e+00  -2.6193674e+00  -8.2621545e-01
   2.0000000e+00   7.8889073e-01  -7.7829318e-01   3.5994433e-01  -9.3108251e-03  -1.2778311e-01  -8.2586413e-01
   2.0000000e+00  -1.2731696e+00   1.8014884e+00  -7.7896702e-01  -5.7516079e-01  -7.4391663e-01   1.2432689e+00
   2.0000000e+00   2.3634044e-01  -5.5657271e-01   4.2657468e-01  -6.7633076e-01  -3.4393677e-01  -1.6165270e-01
   2.0000000e+00   1.1392607e+00  -4.6530163e-01   1.3126746e+00  -1.1323348e+00  -1.5130763e-02   1.2040906e-01
   2.0000000e+00  -6.4201552e-01  -1.1843949e+00   4.6708486e-01  -1.0507371e+00   6.5018517e-01  -2.3725768e+00
   2.0000000e+00   9.5452508e-01  -1.0831587e+00   1.7722218e+00   1.1769179e-01   1.3195601e-01  -1.4029983e+00
   2.0000000e+00   1.5473259e+00  -3.1608702e-02  -6.0905739e-01  -1.7772196e+00  -1.5503956e-01   1.9983775e+00
   2.0000000e+00  -6.2179460e-01  -1.2271716e+00   3.5637425e-01  -2.8846418e-01   9.9992273e-01  -1.6282990e+00
   2.0000000e+00  -1.2754536e+00   1.9005248e+00   1.8789981e+00  -4.5404213e-01  -1.5511075e+00  -5.0913710e-01
   2.0000000e+00   4.0190476e-01   6.3813403e-01   9.2288433e-03   7.8963066e-01   5.7604471e-01   7.5536267e-01
   2.0000000e+00   3.4703547e-01   2.6660618e+00  -1.3064781e+00   3.9138905e-02   1.1356416e+00   1.0644696e+00
   2.0000000e+00   2.4645881e-01   7.3120928e-01  -5.3176503e-01  -1.7621527e+00   5.8131758e-01  -3.7615823e-01
   2.0000000e+00   9.1679985e-01   1.1327234e-01   4.2086022e-01  -6.2217406e-01   1.5624579e+00  -2.0255711e-01
   2.0000000e+00   1.0221074e+00   1.9845973e+00  -5.6521936e-01  -8.1146704e-01  -1.2615071e+00   1.1986911e-01
   2.0000000e+00  -7.5146860e-01  -2.4076272e+00   8.8443876e-01   8.4562550e-01   1.4075379e+00   1.1059502e+00
   2.0000000e+00   1.1375997e+00  -1.5672298e+00   2.3165597e+00  -1.9554456e-01  -5.9833810e-01  -4.5248155e-01
   2.0000000e+00  -2.0103343e-02   4.9773777e-01   1.3863591e+00  -1.1326101e-01   2.3401108e-01  -5.2606188e-01
   2.0000000e+00   1.1014068e+00  -7.0126083e-02   8.6582747e-02  -5.3881149e-02   2.7576682e-01   1.6627321e+00
   1.0000000e+00   4.9333765e-01   1.2346792e+00  -4.5615350e-01   3.8837619e-01   4.0755729e-01  -5.6281674e-01
   2.0000000e+00  -2.1509689e-01   1.9981483e-01   2.1742687e+00  -9.4258637e-02   1.6807864e+00  -1.1530664e-01
   2.0000000e+00  -8.8376927e-01   9.4256664e-02   4.3632416e-01  -9.8776408e-01   9.4642501e-01  -8.9192076e-01
   1.0000000e+00  -7.0692844e-01   5.9567654e-01   1.0184462e+00   6.2832787e-01   4.4913434e-01  -2.7214163e-01
   2.0000000e+00  -1.7647992e-01  -7.5598937e-01  -1.7226433e-01  -8.9876939e-01  -2.7832633e-01  -7.3889792e-02
   1.0000000e+00   2.1714186e-01   9.6641473e-02  -2.1305888e+00   3.5924023e-01  -5.0300891e-01  -1.9316734e-02
   2.0000000e+00   1.1857089e+00   2.6846845e-01  -9.1302313e-01  -6.6458017e-01  -5.5089975e-01   2.9869689e-01
   2.0000000e+00  -2.1660713e-02   6.2319064e-02  -3.9019313e-01   6.9356748e-01   8.4813978e-01   7.3441057e-01
   2.0000000e+00  -1.4903841e+00   6.1217519e-01   2.4117201e-01   1.2104512e+00   1.6733149e-01   4.2058886e-01
   1.0000000e+00   6.8304931e-01  -1.9490252e-01   5.8805440e-01   4.0379465e-01  -4.6058013e-01  -3.4658238e-02
   2.0000000e+00  -6.8575483e-01  -6.6628539e-01   6.2646302e-01  -7.2606084e-01  -8.9785899e-01   1.7612811e+00
   1.0000000e+00   1.0287944e+00  -1.5527355e+00  -1.0955587e+00   2.5887323e-01   4.8355517e-01   8.5306526e-01
   2.0000000e+00  -5.1871711e-01  -1.5337690e+00  -1.0146758e+00   5.0937042e-01   1.6635325e-01  -1.9259470e+00
   1.0000000e+00  -6.4604937e-01   3.5372652e-01   1.7247733e-01   3.6706031e-02   1.3416300e-01   6.7340975e-01
   1.0000000e+00  -1.4152548e+00   1.7618975e+00  -1.1744188e+00   5.1841069e-01   9.5571604e-01  -5.6451580e-01
   1.0000000e+00   1.5725562e-01   9.0287680e-01   5.5572652e-01   3.9690561e-01   2.9751351e-02  -4.0617509e-01
   1.0000000e+00   5.6759312e-01   5.6774537e-01  -4.1151782e-01   8.6739671e-02  -1.3453174e+00   9.7941029e-01
   2.0000000e+00   1.0409119e+00  -1.6857335e-01   1.2118933e+00   9.6760822e-01   1.5955978e+00  -8.4309415e-01
   2.0000000e+00  -1.0283994e+00   7.4636727e-01  -5.7899425e-01   1.1456303e+00  -8.4695463e-02  -1.1610459e+00
   2.0000000e+00   5.2152856e-01  -5.2968638e-03  -1.1928471e+00  -1.3455280e+00  -1.4410449e+00   6.6901363e-01
   2.0000000e+00  -5.1659379e-01   6.7189435e-01   9.0559393e-01  -1.4030444e+00   8.9150481e-01   2.6841135e-01
   2.0000000e+00   4.2708777e-02  -7.8022651e-01   6.3173450e-01   7.3984585e-01  -1.1584868e+00  -2.0017925e+00
   1.0000000e+00  -1.1979508e+00  -3.3930979e-01   1.4332694e+00   2.5438119e-01  -6.5500481e-01  -5.4738698e-01
   1.0000000e+00  -8.0704511e-02   9.2941440e-01  -2.2512685e+00   3.2126482e-01   7.6442852e-02  -4.8564570e-01
   2.0000000e+00   1.4182534e-01   3.4156336e-01   8.8340833e-01  -6.2955517e-02  -7.2596973e-02   2.0617579e+00
   2.0000000e+00  -1.1483406e-01   9.8957376e-02  -1.7132084e-02  -6.3770079e-01  -5.1543134e-01  -9.0201739e-01
   2.0000000e+00   6.9673909e-01   4.0040675e-01   1.1930612e+00   1.3301307e+00  -1.5511678e+00  -3.5757383e-01
   2.0000000e+00  -8.0001335e-01   7.0033908e-01   1.5814951e+00   4.1879233e-02   7.4168247e-01   1.2921426e+00
   2.0000000e+00  -3.0530192e-01  -4.6178831e-01   1.8895919e-01   1.0329081e+00  -6.1938537e-01   1.5402775e+00
   2.0000000e+00  -4.5092905e-02  -9.7441155e-02  -3.5740061e-01   6.0142577e-01  -5.8967748e-02  -1.5287627e+00
   2.0000000e+00  -1.7709261e-01   1.5575794e+00   1.5695719e+00   1.0785924e+00   4.6079782e-01   5.9526898e-01
   1.0000000e+00   3.0142885e+00   1.5365889e+00  -2.9011657e-01   4.4902169e-01  -8.1243170e-01   3.6569681e-01
   2.0000000e+00   5.1688677e-01  -9.3835490e-01  -3.1872169e-01  -1.1288725e+00  -1.5319268e-01   1.0454566e+00
   2.0000000e+00  -1.3072782e-01  -1.1141794e+00  -1.0618564e-02   4.7295975e-01  -1.7435264e+00   1.4512343e+00
   2.0000000e+00  -5.8599427e-01  -1.1708975e-01  -1.6406122e+00   2.8121724e-01  -3.2691926e-01  -9.8165840e-01
   2.0000000e+00   2.6310067e+00  -1.1309330e+00  -1.3491245e-01  -1.6455865e+00  -7.7010465e-01  -2.9893638e-01
   2.0000000e+00  -2.0347683e+00  -5.0147603e-01  -1.8187810e-02   6.5277124e-01  -1.1152636e-01  -1.3381154e+00
   2.0000000e+00   1.5074248e-01  -4.3725596e-01  -1.3354822e+00  -2.1236460e+00   1.2334201e-01  -4.9511354e-01
   2.0000000e+00  -8.8659815e-01   5.0124451e-01  -1.3005357e+00  -6.9942259e-01  -1.2358666e+00  -6.3400636e-01
   1.0000000e+00   2.7754744e+00   4.9441987e-01  -1.5756261e-01   1.3601400e-02  -8.0374265e-01  -1.1886755e-01
   2.0000000e+00  -1.5432720e+00   1.2842560e-01  -3.0716942e-01   8.8532640e-01  -1.4398691e+00  -1.4882536e+00
   1.0000000e+00   2.8609887e-02   1.0522804e+00   1.0795784e+00   7.9523930e-01  -1.4313586e-01   3.8285225e-01
   2.0000000e+00   6.0888356e-01  -4.8633426e-01  -7.8325467e-01   2.1233021e+00  -2.3409987e-01  -7.2696320e-01
   1.0000000e+00   2.7899875e+00   9.8463799e-01  -1.5640534e+00   4.8816047e-02  -2.7038664e-01   3.3939555e-01
   2.0000000e+00   3.7848323e-01  -2.4135336e-01  -6.2183880e-01   5.1558280e-01  -7.3645575e-01   9.2653296e-01
   1.0000000e+00  -1.1504787e-01  -1.9458448e+00  -2.4437781e-01   2.0603240e-01  -1.0961889e+00  -5.3344608e-01
   2.0000000e+00  -2.1659039e+00   7.0462029e-01  -2.2221138e+00  -1.1248746e+00  -9.5430968e-01   1.5952330e+00
   2.0000000e+00   8.0119080e-02   5.2585523e-01  -9.7778271e-01  -6.8637090e-01  -7.6011743e-02   6.2602479e-01
