   2.0000000e+00  -2.4520787e+00   1.5767879e+00   1.0497138e+00  -3.4233489e-01   2.9491685e-01  -1.0545980e+00
   2.0000000e+00  -1.0621099e+00  -1.0804820e+00  -6.0741785e-01  -1.2438597e-01   3.6848712e-01  -8.3270387e-01
   2.0000000e+00  -1.1567196e+00   5.3537735e-01  -4.7758413e-01   3.2665877e-01  -5.0628813e-01  -3.0399068e-01
   2.0000000e+00  -4.7904150e-01  -1.9416721e+00  -1.2306131e+00   9.2929331e-01   5.6365715e-02  -8.2063860e-01
   2.0000000e+00   8.4086854e-01   7.7670698e-01  -2.4045680e-01   6.3609957e-01  -1.7244219e+00  -7.5018828e-01
   2.0000000e+00  -1.0839859e+00  -1.0165769e+00   1.3918908e+00  -4.1221721e-01  -1.4635103e-01  -1.7752937e+00
   1.0000000e+00   6.5463321e-01  -3.1436710e-01   1.0404833e+00   9.7767615e-01   5.2031666e-01  -2.8112461e-01
   2.0000000e+00  -3.3968479e-01   9.3217056e-01   5.8488040e-01  -2.5661925e-01  -2.6967199e-01   6.8831971e-01
   2.0000000e+00   1.0655119e+00   3.9023508e-01   2.9516452e+00  -2.3707691e-01  -1.6631557e+00  -5.1536002e-01
   2.0000000e+00  -1.1063061e+00  -1.3666809e+00   1.5901905e+00   1.5983943e-01  -5.4743880e-01   1.2580203e+00
   1.0000000e+00   1.7147406e-01  -5.8485792e-02   5.4306992e-01   1.0937048e+00   8.3735934e-01   3.4411529e-01
   2.0000000e+00  -5.4372845e-01   3.1762257e-02   9.5615645e-01   1.2908113e+00  -1.8480110e-01   1.6708185e-01
   2.0000000e+00   1.8592080e+00  -1.2907931e+00  -2.8284646e-01   2.1287165e+00  -1.2395571e+00   1.4217997e+00
   2.0000000e+00  -6.9660519e-02   1.7276013e-01  -4.5726481e-01   4.6871539e-01  -2.3931914e-01  -4.8756617e-01
   2.0000000e+00  -7.4385188e-01  -7.3519317e-01  -3.0473401e-01   7.1322574e-01  -1.0787850e+00   7.8917111e-02
   2.0000000e+00  -5.7417552e-02   2.0186587e+00   3.5318121e-01  -4.4295786e-01  -5.6740400e-02   8.9101076e-01
   2.0000000e+00  -5.5894902e-01   8.3733555e-01   1.8829501e+00   1.0495211e+00  -3.5943283e-01  -7.5764494e-01
   2.0000000e+00   1.3320863e+00   1.2743053e-01  -1.5407359e+00   6.1776740e-01  -1.3291901e-01   6.4965229e-01
   2.0000000e+00  -2.7449969e-02  -1.6030663e+00  -1.0158836e+00  -7.4503155e-01   1.1788376e+00   1.2603740e-01
   2.0000000e+00  -3.1492945e-01   1.0012243e-01   2.7636098e-01   9.3488315e-01  -3.4498346e-01   1.2722578e+00
   2.0000000e+00   1.2555341e+00   7.1625747e-01   4.3554763e-01  -9.5868900e-02  -5.5046413e-01   1.1269884e+00
   2.0000000e+00  -1.2782400e+00  -1.6308137e+00   7.0402329e-01   2.1985750e+00  -1.0447210e-01  -1.2484675e+00
   2.0000000e+00  -3.8253482e-01   3.3040700e-02   1.7500672e+00   1.0786772e+00  -7.8047445e-01  -6.3597873e-01
   2.0000000e+00   1.3648291e+00  -2.1096503e+00   1.2709114e-01   1.0791305e+00  -1.5310384e+00  -1.5921809e+00
   2.0000000e+00  -1.3143423e-03  -9.8736274e-01  -1.0581144e+00   1.1447058e+00   3.3934523e-01  -1.4027725e-01
   2.0000000e+00   1.1748345e+00   3.7000867e-01  -1.1861333e+00  -2.2389775e+00  -1.5991210e+00   1.6639117e+00
   2.0000000e+00   2.8339792e-01   5.4712228e-01   3.1283445e-01   1.0072887e+00   8.4980202e-01  -6.9645142e-02
   2.0000000e+00  -3.6561013e-01  -6.4930538e-02  -4.5660889e-01   3.4840214e-01   1.4154184e+00   3.8520889e-01
   2.0000000e+00   4.6736915e-01   1.0016784e+00  -1.8529931e+00  -5.3133729e-01   9.2759014e-01   1.3661434e+00
   2.0000000e+00   3.9523848e-04   6.6888214e-01  -4.0322885e-02  -4.9622655e-01  -2.1816109e+00   8.6940981e-01
   2.0000000e+00   2.4506349e+00  -9.6444270e-01  -3.4950556e-01  -2.9464843e-01  -3.6815161e-01   3.5316133e-01
   2.0000000e+00  -5.4672280e-01   1.2163526e+00  -1.3003427e+00  -1.1247572e-01  -1.3471399e-01   3.4735803e-01
   2.0000000e+00   1.0651429e+00   3.6401037e-01   1.3956276e+00   9.7442815e-01  -1.6527647e+00   4.4884169e-01
   2.0000000e+00   1.7163365e+00   6.5560369e-01  -2.8339745e-01  -3.7387804e-01  -8.9486400e-01  -4.1288429e-01
   2.0000000e+00   1.9499299e-01   2.6865789e-01  -7.0856536e-01  -1.0245412e-01   1.0065948e+00   1.5889303e-01
   2.0000000e+00   7.0324754e-01   2.8190795e-01  -1.2035240e-01   1.1933429e+00  -9.7756726e-01   7.3000975e-01
   2.0000000e+00   9.5008301e-02  -7.6611756e-01   1.8766736e-01  -6.6983713e-01  -1.3013719e+00  -7.7422792e-01
   2.0000000e+00  -1.3527941e+00  -8.9891673e-01   1.7004605e+00  -7.6984883e-01  -1.1241925e-01  -1.1168920e+00
   1.0000000e+00  -1.7191141e+00   2.1825267e-01   1.8863229e+00   4.5966028e-01   2.9923257e-01   2.2114325e-01
   2.0000000e+00  -9.0390100e-01  -6.3565842e-01   9.1142204e-01   3.3021909e-01  -6.7491760e-01  -7.4738232e-01
   2.0000000e+00   4.3465484e-01  -4.3709044e-01  -1.6324587e+00  -1.9752519e+00   2.5710678e+00   2.3999984e-01
   2.0000000e+00  -1.2130522e+00   6.4249032e-01  -1.2982201e+00  -5.8730472e-01  -2.9957543e-01  -4.5687738e-01
   1.0000000e+00  -1.7927655e+00  -3.7937108e-01   8.8426242e-01   4.0744233e-01   8.5225161e-01  -5.3525147e-01
   2.0000000e+00   4.1577110e-02   7.5083599e-01   8.0429133e-01  -3.6408511e-02  -4.8290078e-01   8.9305503e-01
   1.0000000e+00  -9.3049159e-01  -1.0798100e-01  -8.6638654e-01   9.5297233e-01   6.2827364e-01   7.2685400e-01
   2.0000000e+00   1.1614386e+00  -6.7117743e-01  -4.7993734e-01  -9.6272404e-01  -1.2995237e+00   7.5796574e-01
   2.0000000e+00  -1.5952766e+00   1.9707358e+00  -8.2551334e-01   1.7890926e-01   4.7594347e-01   3.8805154e-01
   2.0000000e+00  -1.0138828e+00  -5.2309319e-01  -7.9054141e-01   1.4756940e-01   9.6258375e-01  -1.6100448e+00
   1.0000000e+00  -2.1295940e-01  -4.8519377e-01   6.4814154e-01  -3.3355329e-01   3.8621915e-01   8.1880267e-01
   2.0000000e+00  -8.8861532e-01   8.5130059e-01   4.9170769e-01   1.0991254e+00  -8.5679498e-01  -6.5254128e-01
   2.0000000e+00   1.4726478e-01  -1.1015716e+00   7.5909062e-01  -1.0119639e+00  -1.1560116e+00  -1.7333975e-01
   1.0000000e+00  -6.5504614e-01  -4.3865117e-01  -7.0368079e-01  -2.2772612e-01   7.7639504e-01   5.1058532e-02
   2.0000000e+00  -9.4645393e-01  -4.0438671e-01   1.0883704e+00   7.5049292e-01  -9.2132071e-01   3.7632540e-01
   2.0000000e+00  -1.1080778e-01  -2.7821314e-01   1.1869652e+00  -3.4153800e-01  -4.1311456e-01   3.2267615e-01
   1.0000000e+00  -6.2729396e-01  -8.5930200e-01   3.1028056e-01   4.0025539e-01   3.4607977e-01   4.3833442e-01
   1.0000000e+00  -7.0117464e-01  -1.1561161e-01  -7.3930090e-01  -2.5178794e-01   9.7264728e-03  -1.2534026e+00
   2.0000000e+00  -2.0354302e+00   1.1852990e+00  -1.8328881e+00  -1.6558645e+00   6.7710433e-01  -1.6432597e+00
   1.0000000e+00   9.0319456e-01  -2.8287748e-01   7.9357290e-01   7.2774879e-01   5.0382716e-02   1.7489101e+00
   2.0000000e+00   3.6586808e-01  -1.6101019e-02  -3.9623743e-01   1.1517282e+00   1.3899957e+00   5.7068469e-01
   1.0000000e+00   7.0239105e-01  -4.2691270e-01   1.3474576e+00   5.5797623e-01   8.3839016e-02  -1.3186179e-01
   2.0000000e+00   1.0028934e-01   9.5046191e-01  -1.4766171e+00   8.9398685e-01   1.2293033e+00  -5.3510500e-01
   2.0000000e+00   1.2301301e+00  -5.2708426e-01   5.2052876e-01   1.1982461e+00   1.0576650e+00  -2.1610525e-01
   1.0000000e+00  -7.0958229e-01   4.4342065e-01   1.5806367e-01  -1.4589750e+00   7.6367479e-01   1.5150581e+00
   2.0000000e+00   3.2811155e-01  -8.4658005e-01   1.1270762e+00  -5.7460135e-01   1.4999895e+00  -5.9027541e-01
   2.0000000e+00  -1.4035745e+00   5.2173432e-01   6.5917982e-01   3.6090369e-01  -1.6945933e+00  -4.1870867e-01
   2.0000000e+00  -7.1750797e-01   4.3270560e-01   1.1380180e+00  -9.9494187e-01   1.1308441e+00   9.1246189e-01
   2.0000000e+00  -7.2742974e-01  -2.3031660e-01  -6.3604927e-01  -9.3241003e-01  -9.9419302e-01   3.3414387e-01
   2.0000000e+00   3.8141980e-01   1.0343626e+00   8.4006547e-01  -3.0781240e+00   5.1767755e-01   6.3127332e-01
   2.0000000e+00  -2.0330873e+00   1.0732641e+00  -2.0036493e+00   8.6594386e-01   1.1373063e+00   2.2874600e-01
   2.0000000e+00   9.5908710e-01   3.7061217e-01  -7.7329443e-01   8.1386594e-01   9.7701304e-01   4.5539827e-01
   2.0000000e+00  -1.7913508e+00   2.2069225e-01  -8.3433070e-01  -8.1474090e-01  -8.0650166e-01   1.8910707e+00
   1.0000000e+00  -7.9352472e-01   8.5447633e-01   7.7443935e-01  -1.6932273e+00   3.9659435e-01  -9.8710896e-01
   2.0000000e+00   1.1587068e+00  -5.3565399e-01  -1.6090074e+00  -7.7430218e-01   1.0502732e+00   1.2366273e+00
   2.0000000e+00   9.8234721e-01  -1.9221853e-01  -9.1517791e-01   7.2437539e-01  -9.0499522e-03  -1.1792350e+00
   2.0000000e+00  -1.1328490e+00   1.4323685e+00  -3.4087011e-01  -3.1729257e-02   3.9025073e-01  -1.0345185e+00
   1.0000000e+00  -5.4385439e-01  -5.8293262e-01  -7.6990844e-01   3.2548617e-02   1.9543864e-01   1.4998001e+00
   1.0000000e+00  -1.9248998e+00  -9.2920927e-01   1.3767871e-02  -1.3616803e+00   1.4952589e-01   5.1597640e-01
   2.0000000e+00  -5.8782722e-01   4.5708725e-01  -1.0182617e+00  -1.1957962e+00  -1.1367979e+00  -3.6023264e-01
   2.0000000e+00   2.6914480e-01   1.6452828e+00  -8.8934750e-01  -6.4065051e-01  -8.8511931e-01  -8.0683052e-01
   2.0000000e+00  -3.2302077e-01   1.0907867e+00   6.3062978e-01   8.0981737e-01  -1.1546662e+00  -7.2364246e-01
   2.0000000e+00   3.5845666e-01   4.2157431e-01  -9.6659423e-01   6.2831525e-01   1.0727441e+00   2.1978027e-01
   1.0000000e+00   3.1572201e-01  -8.1604582e-01  -1.2177396e+00   8.8858124e-01   1.9238165e-01  -9.4040793e-01
   2.0000000e+00   1.1484936e-01   3.1121728e-01  -4.3170960e-01  -5.2807682e-01  -4.1846774e-01  -8.0223276e-01
   2.0000000e+00  -2.0559666e-01  -2.2038823e+00  -1.2937969e-01  -7.4914811e-02  -6.0766370e-01   6.6687246e-01
   2.0000000e+00   3.9878446e-01  -1.1170125e+00   9.7963066e-01   1.7039767e-01   1.1758545e+00   3.3172590e-01
   1.0000000e+00   1.0403078e+00   2.8396259e-01   1.8944425e+00   1.3433488e+00   8.3680120e-02  -9.4656961e-01
   1.0000000e+00  -3.5943013e-01   1.6817051e-01   5.2401703e-01   1.4671378e+00   6.7224523e-01  -1.2160022e+00
   2.0000000e+00  -3.1411808e-01   1.0509051e+00   1.2609838e+00  -6.1939062e-01   2.1379267e+00   5.6262044e-01
   2.0000000e+00   3.1649154e+00   1.4276638e+00  -1.8034019e+00   5.9743824e-01  -9.6688879e-01   4.2803380e-01
   2.0000000e+00  -4.1925441e-02   3.7596761e-01  -2.3138235e-01  -3.1023481e-01  -2.7325343e-01   1.1016154e+00
   2.0000000e+00  -1.3844032e+00   6.9791084e-01   4.9688002e-01   1.3762289e+00  -7.2433553e-01  -1.7703832e-01
   2.0000000e+00  -3.4272279e-01   2.4736786e-01   2.2676177e-01   1.7826332e-01  -4.2822326e-01  -9.0337509e-01
   2.0000000e+00   4.1791698e-01  -1.3624729e+00   9.2835041e-01  -1.1733815e+00   1.2983988e-01   1.2352479e+00
   2.0000000e+00  -8.3882196e-01  -1.0119308e+00   2.2611683e+00   4.5598773e-01   9.9585307e-03  -1.5450500e+00
   2.0000000e+00  -5.8645067e-01  -1.6298680e+00  -8.7700450e-02   8.6892725e-01   4.0820240e-01  -1.9720706e-01
   2.0000000e+00   3.1049654e-01  -2.7246853e+00  -4.4089221e-02   1.4032510e-01  -7.2328643e-01   3.8739352e-01
   2.0000000e+00   1.5237098e-01  -4.9629811e-03   5.8209371e-01  -8.7889576e-01  -7.0017899e-01   1.6439937e-01
   2.0000000e+00  -1.5131946e+00   7.2223915e-01  -3.5302605e-01   4.7492932e-01   1.6246956e+00   2.9361575e-01
   2.0000000e+00  -2.2564076e+00  -1.0632022e+00  -8.9236305e-01  -2.5551191e+00   1.2172850e+00  -5.9893098e-01
   2.0000000e+00   6.8325028e-01   1.2174592e+00   2.0748289e-01  -2.2663648e-01   1.5127416e+00   1.0953315e+00
   2.0000000e+00  -1.4668790e+00   7.0777396e-01   3.0683527e-01   7.9492415e-02  -3.2741570e-01   1.6023179e-02
   2.0000000e+00  -7.3400014e-01   2.3396641e-01  -4.5833718e-01   1.4435326e+00  -3.7424950e-01   8.3305172e-01
   2.0000000e+00  -7.6940597e-01   2.5098130e-01  -5.9111946e-01  -3.5961870e-02  -1.5109645e+00  -1.8157803e+00
   1.0000000e+00  -1.0161914e+00   8.4199958e-02   1.0548697e+00  -1.1817841e+00   8.2267670e-02   2.6781980e-01
   1.0000000e+00   6.3350864e-01   1.9222298e-01   1.1192781e+00  -9.2231717e-01   4.3431312e-01  -6.1308107e-01
   2.0000000e+00   3.0557818e-01  -1.5518709e+00  -4.0501322e-01  -8.4790827e-01  -1.4405063e+00  -6.8273638e-01
   2.0000000e+00   6.7944187e-01   2.7889131e+00   1.9098146e-01   9.2669285e-01   5.9319169e-01  -6.0209579e-01
   2.0000000e+00  -3.1429419e-01  -6.8797430e-01  -7.6475454e-01  -4.4962054e-01  -7.6936700e-01   3.1520598e-01
   2.0000000e+00  -8.0980308e-01   1.2814709e+00  -5.8274386e-01  -7.3254333e-01   1.0865549e+00   6.5207161e-01
   2.0000000e+00   1.2670956e+00  -2.3222324e-01   1.8434676e+00  -2.4645190e-01  -4.3475946e-01   1.5392655e+00
   2.0000000e+00  -4.0524527e-01   1.4941677e-01   2.6114599e+00   1.0249073e+00  -1.1126553e+00  -4.9333838e-01
   1.0000000e+00  -9.6500108e-01  -1.4018363e-01   5.4052645e-01  -1.0526957e+00   5.1703516e-01  -1.5709349e+00
   2.0000000e+00   8.4110188e-01   1.2393584e+00   5.3973045e-01   9.5388039e-01  -1.3527396e+00   9.9479469e-01
   2.0000000e+00   2.4715773e-01  -1.3796280e+00  -8.5371219e-02   1.2007726e+00   9.8787514e-01  -3.9184116e-01
   2.0000000e+00  -1.3214226e+00  -5.5648467e-01  -8.9557477e-02   2.1750800e-02   1.0400783e+00   2.2966461e+00
   2.0000000e+00  -1.2209511e+00   9.4072167e-01  -4.2534784e-01  -1.1615864e+00  -1.3969087e+00  -4.8377229e-02
   2.0000000e+00   7.2767472e-01  -8.0171400e-01  -1.8134528e+00   2.3193349e-01  -1.2847948e+00  -2.4083179e+00
   2.0000000e+00  -9.4396220e-01   1.3742448e+00  -1.2333908e+00   2.1807759e-01  -2.1417495e-01  -4.8091885e-01
   2.0000000e+00   6.7578401e-01  -2.6014675e-01   8.6403136e-01   9.7586574e-02   1.0268135e+00  -9.3730438e-02
   1.0000000e+00  -3.1542061e-01  -1.6479001e-01  -1.5311791e+00   2.3532158e+00   4.8396923e-02  -2.1424121e-01
   1.0000000e+00  -2.6647337e-01   5.9588621e-01  -1.6792270e+00   4.3648487e-01   2.4996348e-01   3.8840089e-01
   2.0000000e+00  -1.1200030e+00  -5.2624101e-01  -8.9707812e-01  -1.5240029e-01   9.8954606e-01   2.4060341e+00
   2.0000000e+00   3.4338638e-01  -1.2689666e+00   9.7841397e-01   1.7842080e+00  -3.9468178e-01   1.6106450e+00
   2.0000000e+00   5.9865053e-01   2.1533411e+00  -5.7506719e-01  -3.8155968e-01  -1.1219379e+00  -8.5126995e-01
   2.0000000e+00  -6.6758636e-01  -7.2498274e-01   5.5840140e-01   1.0057383e+00   1.3064571e+00   3.3977402e-01
   2.0000000e+00   2.9267224e-01  -6.5012558e-01  -1.0035935e+00   2.3302952e-01  -1.6037241e-01  -3.7991203e-01
   2.0000000e+00   1.6026719e-01  -1.1754584e+00   9.9221832e-01   3.9801891e-01  -1.4999244e-02  -1.2345862e+00
   1.0000000e+00  -1.3400589e-01   6.1148787e-01   5.8677400e-01  -8.9759533e-01   4.0063698e-01  -1.0946948e+00
   2.0000000e+00  -1.6496787e+00  -1.8111797e-01   1.5799781e+00  -1.0073611e+00  -1.1344460e+00  -3.3291130e-01
   2.0000000e+00  -4.9400232e-01   1.9347740e+00  -5.3118806e-01  -7.2137786e-01  -1.4841447e+00  -7.4942514e-01
   2.0000000e+00   2.2787549e+00  -9.0860042e-01  -1.3328333e+00  -5.9542747e-01  -7.5525119e-01   6.6435938e-01
   2.0000000e+00   1.2397352e+00   1.7179829e+00  -2.0802435e+00  -1.1833721e+00   1.3218484e+00   2.2801069e+00
   1.0000000e+00  -1.0122748e+00   8.1855524e-01   1.0126860e+00  -1.2797868e+00   1.2922997e-01   1.0663154e+00
   1.0000000e+00   2.0753367e-01  -2.0048217e-01   2.7792213e-01  -7.4721033e-01   5.9585330e-01   7.4606277e-01
   2.0000000e+00  -1.5959555e-01   1.8227432e-01  -5.3404702e-01   6.7198214e-01  -1.8958464e-01   1.4570507e+00
   2.0000000e+00  -5.5270302e-01  -1.1468521e+00  -2.1361870e-01  -9.4846456e-01   9.9925366e-01  -6.1985415e-01
   2.0000000e+00   4.8010986e-01   7.0076146e-01  -2.6019414e-01  -1.8844784e+00  -1.8772575e+00   9.7112273e-01
   2.0000000e+00  -1.7803069e-01   4.8119249e-01  -3.8131543e-01  -4.3325892e-02  -3.2299404e-01   5.5108292e-01
   2.0000000e+00   2.0757876e+00  -7.7595184e-01  -2.1216726e+00   2.8079677e-01   3.0267264e-01   4.2716110e-01
   2.0000000e+00  -4.3899617e-01  -1.0810968e+00   5.5127142e-01   1.2780449e+00   3.5009918e-01   3.7226821e-01
   2.0000000e+00   5.7628282e-01   1.3644908e+00   1.4053076e+00  -8.3980656e-02  -9.7265886e-01   2.3989061e-01
   1.0000000e+00   1.3139087e+00  -3.3152639e-01   1.1599187e+00   9.2227159e-01   6.8436772e-01  -1.5950512e+00
   2.0000000e+00   7.1694993e-01  -1.0189658e+00  -5.6264306e-01  -1.1479539e+00  -5.3580207e-01   4.9825379e-02
   2.0000000e+00  -1.3003787e+00  -6.6329871e-01   6.1382249e-01   1.5226676e-01  -2.8881687e-01  -1.3095536e+00
   2.0000000e+00   3.5505403e-01   1.1609412e+00   1.0038966e+00   1.6593547e+00  -1.4608407e+00  -8.9839750e-01
   2.0000000e+00   1.4636882e+00  -2.2178837e-02   4.1939181e-01  -8.0368944e-01  -6.2303415e-01  -1.8037293e+00
   2.0000000e+00  -2.1503694e-01  -1.5157283e+00  -2.2243934e-01   1.3259638e+00  -8.6713901e-01  -1.5238507e+00
   2.0000000e+00   1.6662472e+00  -2.4883228e-01   5.4626615e-01   5.4144164e-01  -1.7979796e+00  -5.9275432e-01
   2.0000000e+00  -1.1938739e+00  -1.9036060e+00  -2.1378287e+00   1.6424722e+00   1.3562756e+00  -3.1829319e-02
   1.0000000e+00   1.0594887e+00  -5.3078663e-01   6.2733779e-01  -1.9670556e-01   2.8769786e-01   1.6369859e+00
   2.0000000e+00  -2.1423819e+00  -2.0962649e+00   1.4997091e+00   4.5043340e-01  -6.7431856e-01  -2.2291404e+00
   1.0000000e+00  -1.3476372e+00   4.3833289e-01  -4.6385079e-01  -4.5269012e-01   5.3577933e-01   1.9413936e-02
   2.0000000e+00   1.2320240e+00  -4.7668578e-02  -6.3022258e-01  -1.7975957e-01  -1.7565805e+00  -2.6614007e-01
   2.0000000e+00   1.1660746e+00   7.4232472e-01  -1.5210632e-01  -2.2937832e+00   9.0108315e-01   1.6817068e+00
   2.0000000e+00  -6.3025923e-01   2.4688966e-01  -4.6972592e-02  -1.1037513e+00  -1.0525005e+00   1.4035223e+00
   2.0000000e+00  -1.4909563e+00   6.2210818e-01  -1.4862115e+00   3.1586311e-01  -6.3883700e-01  -1.8588990e+00
   2.0000000e+00   1.2926216e+00  -8.7220550e-01   1.3106823e+00  -4.8047698e-03  -7.6767203e-01   6.2945972e-01
   2.0000000e+00   9.3275734e-01   2.1594634e-01  -1.9498458e-01   1.8176090e-01  -3.2886107e-01  -2.8659106e-01
   2.0000000e+00  -7.6146564e-01  -1.2591935e+00  -1.5245126e-01   1.3913072e+00  -2.0062360e+00  -2.5990418e-01
   1.0000000e+00   6.7959173e-01  -4.5526570e-01   1.2573283e-01   4.1040378e-01   6.2040296e-01  -5.8807518e-01
   2.0000000e+00   6.7758653e-01   1.2867111e+00  -1.0942648e+00   2.8815470e-01   1.0273413e+00  -1.2360871e+00
   2.0000000e+00   1.0206614e-01  -1.9618978e+00  -1.2984234e-01   1.5926962e+00  -1.1522087e+00  -6.2129333e-02
   2.0000000e+00  -1.4776785e+00  -1.2859302e+00  -2.5616906e-01   7.1097033e-02  -4.9327655e-01   5.0220597e-01
   2.0000000e+00  -2.2779741e-01   1.6098247e-02   1.0533198e+00  -2.0362045e-01   1.7223790e+00  -3.2330260e-01
   1.0000000e+00   3.0898589e-01  -2.7791110e-01  -9.0347963e-01   1.4739401e+00   8.6373363e-01   1.0930648e+00
   2.0000000e+00   4.4328037e-01   1.0788849e+00  -2.6220972e-01  -4.1131954e-01   1.0123245e+00  -2.2311020e+00
   1.0000000e+00   1.2280880e+00  -1.3645084e-01   4.4708326e-01  -4.6076332e-01   3.6277828e-01  -2.1351041e+00
   2.0000000e+00  -1.4716905e+00   4.1149119e-01  -6.1656932e-01   1.0531037e+00  -8.2138831e-01   3.0351276e-01
   2.0000000e+00   1.2143186e+00  -2.4923587e+00  -1.0011729e-02   3.3329829e-01  -1.9321886e-01   2.0567455e-01
   1.0000000e+00  -6.8404814e-01   3.7759363e-01  -9.1507868e-01   5.3816719e-01   2.0802721e-01   8.5573438e-01
   1.0000000e+00   1.1586265e+00  -4.8213437e-02  -1.0973096e+00  -3.5990786e-01   4.6162379e-01   2.1134631e-01
   2.0000000e+00   1.0547957e+00  -2.2876163e-01  -9.9247996e-01   1.9988452e+00  -1.3491065e+00   2.6655436e-01
   2.0000000e+00  -8.1949498e-01   1.0999954e+00   4.1914082e-02   9.3237467e-01   5.8553213e-01  -3.1535981e-02
   2.0000000e+00  -1.1677508e+00  -7.0090660e-01  -3.6788811e-01   1.1325999e+00  -2.3921095e-03   5.5954577e-01
   2.0000000e+00  -5.0812591e-02   5.4984079e-01   1.3911040e+00  -1.9075681e+00  -9.4738587e-01   6.2761143e-02
   2.0000000e+00   1.5173355e-01   1.3559593e+00  -1.1662244e+00   1.4846455e+00   1.5382015e+00  -4.4823753e-01
   2.0000000e+00  -1.3234418e+00   1.4683085e-01   1.1105109e+00   7.1775475e-03  -1.9202625e-01  -2.0415632e-01
   2.0000000e+00  -2.2908479e+00   5.7583779e-01  -1.8832385e+00   7.9560494e-01  -5.6312968e-01  -7.0828089e-02
   2.0000000e+00  -1.5107225e-01   8.9155974e-01   1.7849062e+00  -3.3881350e-02  -1.1370210e+00   2.0391648e+00
   2.0000000e+00  -9.7867478e-02   1.5635543e+00  -4.0147729e-01   1.9751888e-01   8.8113935e-02   1.3945056e+00
   2.0000000e+00  -1.9221997e+00  -1.2810757e+00   1.7241515e+00   6.7129355e-01  -2.9045369e-01  -6.2023514e-01
   2.0000000e+00   1.3436535e-01  -1.0650352e+00  -8.8047311e-01  -3.8407354e-01   1.5489651e-02   5.4176099e-01
   2.0000000e+00   1.3591718e+00   6.4026546e-01   8.3632742e-01  -5.3606699e-01  -1.1701788e+00   3.6348944e-01
   2.0000000e+00  -7.4062619e-01   2.2875726e-01  -1.3534694e+00  -1.5239173e+00   3.0857970e+00   4.8328422e-01
   2.0000000e+00  -3.5830037e-01   1.4064434e+00  -7.2092367e-01   7.1105021e-01   3.0151244e-01   2.2870524e-01
   2.0000000e+00   1.2889494e-02  -1.2029856e-01   1.1270967e+00   2.6381188e+00  -2.6427488e-01   6.1910290e-01
   1.0000000e+00  -2.6636193e-01   1.4453235e-02   4.1902715e-01  -1.0858843e+00   6.1202377e-01   6.4314614e-01
   2.0000000e+00   1.5951341e+00  -7.1697794e-01   3.6514849e-01  -7.1535238e-01   1.4098677e+00  -2.5424010e+00
   1.0000000e+00  -3.2499921e-01  -1.3864511e-01  -1.5064719e-01  -2.7226114e-01   8.2481615e-02   8.2496247e-01
   1.0000000e+00  -1.6444674e-01   8.5090497e-01  -1.6051894e+00  -1.2673116e+00   9.9922286e-02   1.7074892e-01
   2.0000000e+00   5.7905716e-02  -1.0858468e+00  -8.5991614e-01   3.8531810e-01   1.7824727e+00   1.1766394e-01
   2.0000000e+00  -6.2160098e-01  -5.2723571e-01  -4.5046175e-01  -5.0243709e-01   1.8252317e+00   3.0774921e-01
   2.0000000e+00   1.2906373e+00  -1.6346459e+00   1.4270088e+00  -5.0253027e-02  -1.4960897e-01   1.3175963e-01
   2.0000000e+00  -5.0899783e-01   1.3813671e+00   8.9357106e-01  -9.9454597e-01  -4.3474079e-01   1.7189594e+00
   1.0000000e+00   4.0234821e-01   2.6422941e-01   1.6132579e+00   7.1678577e-01   1.5504425e-01  -1.1580623e+00
   2.0000000e+00   3.4355528e-01   6.7597720e-01  -1.1500770e+00  -8.7996121e-01   9.5650389e-01  -1.5525953e+00
   2.0000000e+00  -1.7245729e+00   1.1863359e-01  -1.5355279e+00  -6.0897976e-01  -2.6503992e-01  -8.5519731e-01
   2.0000000e+00   9.0629222e-02   3.0205955e-01  -9.6771194e-01  -1.1904953e+00   1.4932683e+00   7.1606404e-02
   2.0000000e+00  -3.7728550e-02  -1.1641782e+00  -1.8333691e+00   5.5503817e-01   1.6169147e+00  -4.6588499e-01
   2.0000000e+00   5.4830500e-01  -1.2843313e+00  -1.5948609e+00   1.7300745e+00   1.2672106e+00  -6.0623157e-01
   2.0000000e+00  -1.6566618e-01   9.2273946e-01   6.6731101e-02  -1.6871082e-01  -1.7196754e+00   1.2331504e+00
   2.0000000e+00   1.1004061e-01   2.4231500e-01  -2.1166497e+00  -1.2381582e+00   1.5669551e+00  -1.2380404e+00
   2.0000000e+00  -1.8461666e+00  -1.8882532e+00   1.4112160e+00   1.4771690e+00  -1.2262687e+00   1.8848437e+00
   2.0000000e+00   1.2498493e+00   6.7883056e-01   1.7146035e-01  -3.4740272e-01  -1.5146363e+00  -4.7598141e-01
   2.0000000e+00   1.0455964e+00  -1.6536150e-01  -4.6643319e-01  -1.6885017e+00  -2.7998515e+00  -1.8889621e+00
   1.0000000e+00  -1.1673830e+00   3.6772636e-01   2.7502619e-01   2.6087942e+00   4.1290452e-01  -1.0655454e+00
   2.0000000e+00  -7.0491228e-01  -8.1462562e-01   1.7898136e-01   6.2146475e-01  -5.1677588e-01   1.5802268e+00
   1.0000000e+00  -1.0599094e+00  -5.0224965e-01  -9.5535074e-01   5.3594321e-01   7.0003968e-01   1.7498102e-01
   2.0000000e+00  -2.7650115e-01  -3.5150899e-01  -6.6555737e-02  -1.9884699e-02  -1.3418460e+00  -1.0244130e+00
   1.0000000e+00   1.0336520e+00   2.4964175e-01   5.4641559e-01   1.2752942e+00   5.7170608e-02  -1.2743029e+00
   2.0000000e+00   2.0369201e+00   5.2419888e-01  -2.9296872e-01   1.4234290e+00  -1.2672217e-01   1.3154439e+00
   2.0000000e+00  -4.4286387e-01   3.7468082e-01   7.6332502e-02  -1.5280064e+00  -3.7263464e-01   6.7761657e-01
   2.0000000e+00  -1.3849165e+00   2.0411973e-01  -6.0765882e-01  -4.4479222e-01  -1.4447221e+00   1.4688331e+00
   1.0000000e+00  -1.2758674e-01  -8.5024324e-01  -3.9260330e-01  -1.5997746e+00   2.9693375e-02  -5.8862316e-01
   2.0000000e+00  -6.9038440e-01  -6.4577281e-01   1.2924871e+00   4.9073612e-01  -1.4994080e+00  -1.9445357e+00
   1.0000000e+00   6.4876849e-01   4.5561119e-01   1.1407133e+00  -2.7980295e+00   2.6268533e-01   3.9431328e-01
   2.0000000e+00  -1.1392399e+00  -1.5423852e+00  -6.5233003e-01  -3.8392196e-01   1.0116262e-01  -1.8028101e-01
   2.0000000e+00   6.8378669e-01  -1.5844873e+00  -6.2426857e-01   4.2942186e-01  -3.2708746e-01  -1.5723347e+00
   2.0000000e+00   4.3534628e-01   7.2101983e-01  -5.5379520e-01  -1.2105264e+00   1.0083514e+00  -7.9819160e-01
   2.0000000e+00   2.4404123e-01   5.5160269e-01  -7.0345085e-03  -1.0510696e+00   1.1729403e+00  -2.4083276e-01
   2.0000000e+00   5.6602110e-01   1.2085381e+00  -2.7401564e-01  -1.1477238e-01  -1.8721440e-01   3.0406777e-01
   2.0000000e+00  -6.1704576e-01   5.5982415e-01   3.6259023e-01  -1.3128829e+00   1.4007326e+00   1.0334557e+00
   2.0000000e+00   6.9407677e-01   5.4481101e-01  -6.2758171e-02   4.8519987e-01  -3.4605500e-01   1.9508437e+00
   2.0000000e+00  -6.1359682e-01   1.5016979e+00  -1.6951592e+00   3.5104707e-01   1.4783189e+00  -1.9183455e+00
   1.0000000e+00  -1.9544907e-01  -1.2692761e-01   1.3023719e+00   1.1156380e+00   7.6450072e-01  -1.3704303e+00
   2.0000000e+00   1.4100968e+00   1.2141039e+00  -5.4225729e-01  -1.2628292e-01   1.5275755e+00  -6.8492978e-01
   2.0000000e+00  -2.7187073e-01  -1.4571489e+00  -5.8485685e-02   1.4157574e-01  -3.7593818e-01   1.0840545e+00
   2.0000000e+00  -4.9985450e-01  -6.5661102e-01  -1.5271579e+00  -1.1496055e+00  -4.3759819e-01   8.4179230e-01
   1.0000000e+00   4.6784774e-01   4.5671670e-01   6.4942425e-01  -2.5648079e-01   4.5923669e-02  -3.2701420e-02
   2.0000000e+00  -5.8755725e-01  -2.1794828e+00  -1.3660678e+00   1.5655276e+00  -9.8427780e-01  -6.6251646e-02
   1.0000000e+00  -3.4679510e-01  -2.5948354e-01  -1.8218654e+00  -3.5030121e-01   5.6056055e-01   1.2534262e+00
   1.0000000e+00  -8.7230972e-01  -4.3836613e-01  -4.8914397e-03   8.0420025e-01   5.1235129e-01   4.6740734e-01
   1.0000000e+00   6.2597493e-01   4.5508275e-01   6.8095431e-01   4.1033400e-01   7.4127275e-01  -4.3262059e-01
   2.0000000e+00   8.8418734e-01   1.0983008e+00  -1.1233346e-01  -1.1204007e+00   4.6137087e-01  -2.0446658e-01
   2.0000000e+00  -2.4360344e-01   4.6855439e-01  -3.5224306e-01   6.5532413e-01  -5.4691250e-01   3.1397507e-01
   2.0000000e+00   1.0180411e-01   9.8706604e-01   8.2226428e-01   3.4961250e-02   7.6673928e-01  -9.6538933e-02
   1.0000000e+00   6.3314226e-01   3.3985005e-01  -7.3203501e-01   7.6603385e-01   9.0602254e-01   2.9440871e-01
   2.0000000e+00   5.1978881e-01   1.4369241e+00  -1.2057694e-01   1.8041655e-01  -1.1100568e-01  -8.5033324e-01
   2.0000000e+00  -5.6918566e-01  -1.1289415e+00   2.7475907e-01  -5.8270252e-01  -4.8679930e-01   4.7668598e-01
   1.0000000e+00  -2.2531640e-01   5.0353862e-01   1.3202808e+00   1.9057029e+00   6.4551387e-01  -5.2839508e-01
   2.0000000e+00  -1.3883293e+00  -1.5107231e+00   1.3047370e+00   1.8343023e-01  -1.5614050e+00  -1.1233055e+00
   2.0000000e+00  -7.6266154e-01   9.7705296e-01   1.1451437e+00   2.2315862e-01  -6.3711660e-01  -1.9668351e+00
   2.0000000e+00   4.7035390e-01  -2.6233978e+00   7.4786549e-01  -9.9006080e-01   4.4963624e-01  -2.9495498e-01
   2.0000000e+00  -7.0524621e-01   3.9808954e-01   7.5489912e-02  -1.7790654e+00  -7.4088622e-01  -2.8845931e-01
   2.0000000e+00   8.6104765e-01   6.6731030e-01  -1.4086819e+00   1.2333583e+00  -1.0510630e-01  -1.4527819e+00
   2.0000000e+00   1.9695511e+00   2.2962347e-01  -9.6962184e-02   1.5558303e+00   7.9588140e-01   8.2014874e-01
   2.0000000e+00   2.2997217e-01  -7.3993326e-01   2.9239750e-01   2.0684661e-01   7.7700813e-01  -3.6219559e-01
   2.0000000e+00  -2.8444500e-01  -2.4098990e-02  -6.1190065e-01  -8.3942861e-03  -7.4377348e-01  -6.6346452e-01
   2.0000000e+00  -1.1570701e+00   4.5510954e-01   1.6383210e-01  -1.0201745e+00  -1.0455445e-01  -1.2972126e+00
   2.0000000e+00   1.3148853e+00   2.0473561e+00   4.9283272e-01  -1.0797976e+00  -7.1422740e-01   8.3359941e-01
   1.0000000e+00  -1.4175161e+00  -8.1547786e-01  -1.4259113e+00   1.8702942e+00   4.2604481e-01  -4.6207100e-01
   2.0000000e+00  -1.9539052e+00   8.5085986e-02  -1.0124457e+00  -2.0065262e-01   6.4628592e-01   9.2879597e-01
   2.0000000e+00   4.7276935e-01  -4.6716562e-01  -7.8916643e-01  -1.5032867e-01  -1.0508230e-01   2.5949076e-02
   1.0000000e+00   9.4898668e-01   8.3673582e-01  -7.5079240e-01  -1.1605414e+00   6.6219740e-02   2.1458728e+00
   2.0000000e+00  -6.3653971e-01   5.9792736e-01  -3.7401380e-01  -2.8235749e-01  -1.1143335e+00   9.4664912e-01
   2.0000000e+00   6.8166851e-01   6.8075219e-01  -1.9039703e+00  -2.6824709e-01  -1.0818764e+00  -5.5593358e-01
   1.0000000e+00  -4.4072317e-01   2.1457563e-02  -4.3913214e-01   1.2139028e+00   3.4139705e-01   1.9425123e-01
   2.0000000e+00  -4.1911084e-02   1.5707622e+00  -5.4557372e-01   7.9675573e-01   3.7192109e-01   2.9296848e+00
   2.0000000e+00  -4.6353873e-01  -1.0547892e+00   1.3727636e+00   6.4407987e-02  -1.0090632e-02   1.8218839e-01
   1.0000000e+00  -8.3777618e-02   2.2674058e-01  -5.8879443e-01   2.7160617e-01   4.3543728e-02  -1.4280973e+00
   2.0000000e+00   2.2130504e+00  -1.6091819e-01   1.3518512e+00  -1.4307987e+00  -5.0869266e-01  -9.7838370e-01
   2.0000000e+00  -1.4612180e-01  -2.4128324e-01  -4.6353319e-01  -1.4132708e-01   1.2272143e+00   1.6990842e+00
   1.0000000e+00  -5.0646669e-02   2.1772123e-02   4.6578838e-01  -9.8213969e-01   4.5714256e-01  -4.7420363e-01
   2.0000000e+00  -2.6577286e-01   3.9230962e-01   1.6273039e+00   2.3386641e+00  -8.0563148e-01  -1.0598963e+00
   2.0000000e+00  -9.9255594e-01  -1.4806562e+00  -1.7855109e-01   1.7409033e+00  -1.2194156e+00  -1.8442098e-02
   2.0000000e+00  -5.6838817e-01   5.2312887e-01   2.3885377e-01   1.5604961e-01  -1.1328083e+00  -1.1559522e+00
   2.0000000e+00   2.4358898e+00  -5.7184081e-02   1.3713467e+00  -1.1347172e+00  -7.2168810e-02   3.7223225e-01
   1.0000000e+00  -1.1772597e+00   4.6287249e-01   6.2417317e-01   2.3910818e-01   5.9910123e-01   1.0456420e-01
   2.0000000e+00  -3.2961504e-01   1.1020986e+00   1.2117073e-01   3.3564282e-01  -7.0427066e-01   2.3436311e+00
   2.0000000e+00  -4.1548515e-01   4.8823694e-02  -5.1186011e-01   8.8781560e-02   3.0529011e+00  -4.7389085e-01
   2.0000000e+00   8.1936641e-01   7.0627793e-01   1.5989602e+00  -5.8852198e-01  -1.5377601e+00  -6.6540707e-01
   2.0000000e+00   2.5757678e-01  -1.3283921e+00  -2.8276882e+00  -8.9404062e-01  -1.0025036e+00   4.9802281e-01
   2.0000000e+00  -2.9765295e-01  -9.0118895e-01  -4.2835648e-01  -9.7029366e-01   7.4169281e-01   1.0682370e+00
   1.0000000e+00   5.9236943e-01   1.9020147e-01  -3.8618129e-01  -1.6295596e+00   8.4661929e-01  -1.3770094e-01
   2.0000000e+00   7.9694453e-01  -9.5511581e-01  -1.6187538e+00  -1.4464403e-01  -8.6549076e-01   8.7451494e-01
   2.0000000e+00   2.0427900e+00  -2.0376386e+00  -2.3335027e-01  -1.3580175e+00  -1.8453258e-01   4.6740973e-01
   2.0000000e+00   2.6243742e-02  -7.3655549e-01  -2.1675725e-01   6.5315661e-01   8.5240935e-01   5.9868038e-01
   2.0000000e+00   1.2488523e-01  -1.1440168e+00  -1.2891738e+00   1.0848806e+00  -7.5510995e-01  -8.2224175e-01
   2.0000000e+00  -1.5744432e+00   1.5533236e+00   1.1082471e+00   4.3911326e-01  -8.7243415e-01  -1.3091917e+00
   2.0000000e+00  -7.3445984e-01   1.5218225e+00  -2.8503299e-01   4.8292403e-01  -4.5089820e-01  -1.7808719e+00
   1.0000000e+00   1.0461146e+00   6.6494128e-02  -7.9575026e-01  -6.2843292e-01   3.8662443e-01   1.0808757e+00
   2.0000000e+00  -5.6293873e-01   8.9420029e-01  -3.3928385e-01   9.6181746e-01  -1.0902118e+00   7.9993376e-01
   2.0000000e+00  -1.5217715e+00   7.5115805e-01   5.9620693e-01   9.9584604e-01  -1.2713850e+00  -1.0309935e+00
   2.0000000e+00   1.6950861e-01  -3.2536179e+00  -5.9586839e-01  -6.6249564e-01  -7.9163910e-01  -6.3409372e-01
   2.0000000e+00  -2.0749898e-01  -2.6767477e-01   1.5206636e+00  -3.2618986e-01  -1.5361852e+00   1.8059599e-01
   2.0000000e+00   5.1715039e-01  -2.7956225e-01  -2.5714025e-01  -1.0018089e+00  -7.2064457e-01   5.3157853e-01
   1.0000000e+00   6.2357517e-01  -7.1137069e-01  -4.5940377e-02  -7.9557528e-01   7.9906045e-03  -5.7224715e-01
   2.0000000e+00  -1.4362741e+00   1.5571485e+00   2.9485043e-01  -6.1504460e-01  -1.2581040e+00  -8.0438786e-01
   2.0000000e+00   2.7406520e-01  -2.0413024e+00   9.7217766e-01   6.0103269e-01  -1.7054972e+00   1.5989654e+00
   2.0000000e+00  -8.8477277e-01  -2.7292290e-01  -2.6896519e+00  -4.2293386e-01  -1.8320556e+00  -1.1637726e+00
   1.0000000e+00  -7.0855517e-02  -2.9385263e-01   2.7558722e-01   9.6271593e-02   9.4489876e-01   3.8018736e+00
   2.0000000e+00   1.9293518e-01  -5.9245078e-01   3.2602176e-01   5.2573973e-01   2.4326585e+00   8.3501304e-02
   2.0000000e+00   1.3385232e+00  -2.4141727e-01  -1.1557820e+00   2.8166904e-01  -6.8005839e-02   6.3180123e-01
   2.0000000e+00  -1.1845778e-01  -1.3789220e+00  -1.3450525e+00   6.7339644e-02  -6.3041515e-01   8.2806421e-01
   2.0000000e+00   1.4200851e+00  -5.9273534e-01  -7.9120271e-01  -2.6254809e+00  -5.0097266e-01   2.5351039e-01
   2.0000000e+00  -2.2732064e-02  -9.5537690e-01   1.2362985e+00   7.4551986e-01  -4.7271616e-01   2.7003810e-01
   2.0000000e+00   1.2300127e+00   1.7265612e+00  -8.1467708e-01   8.5691074e-01  -1.4083608e+00  -7.8341983e-01
   2.0000000e+00   2.1844406e-01   6.2745636e-01   1.8100429e+00   1.8679242e+00  -1.4514344e+00  -6.8760353e-01
   2.0000000e+00   7.2230489e-01  -1.0488976e+00   1.1410588e-01   6.4499253e-01  -1.4776486e+00   2.6058762e-01
   1.0000000e+00  -4.7390782e-01  -1.9902887e-01  -7.1192332e-01  -1.3516312e+00   2.3686624e-01   8.9526956e-01
   2.0000000e+00  -1.6220721e+00   1.0944073e-01  -3.3722631e-01  -9.9061260e-02  -4.8059903e-01   7.5455502e-01
   2.0000000e+00  -1.3858949e+00   1.0572984e+00   5.1298953e-01  -1.0863112e+00   4.9870878e-01  -1.3414697e+00
   1.0000000e+00  -4.3940960e-01   1.4964837e-01   1.0089128e+00  -1.1649010e-01   9.1594511e-02  -1.0860498e+00
   2.0000000e+00  -4.8991114e-01  -1.5242872e+00   9.5320040e-03  -9.7198590e-01   6.0856180e-01  -1.6553549e+00
   2.0000000e+00  -3.4189654e-01   7.5848314e-01   7.9431649e-01  -1.0211349e+00  -1.1082478e+00  -5.7639195e-01
   2.0000000e+00   2.6335157e-01  -9.1603798e-01   2.1982130e-02   9.3028024e-01   1.2274641e+00   1.3280917e+00
   2.0000000e+00   4.0402042e-01  -9.9675501e-01   1.9137886e+00  -2.0608587e-02   2.9039850e-01  -2.0584003e+00
   2.0000000e+00  -3.6705060e-01  -1.6195555e+00   1.0359525e-01   1.3893804e-01   6.6242494e-01   8.9997621e-01
   1.0000000e+00   1.2721409e+00   3.8625062e-02  -6.0461846e-01   5.7383898e-01   1.4261826e-02   7.0907559e-01
   2.0000000e+00   9.5002698e-01   4.7724653e-01   1.6010193e-01   5.9749897e-01  -1.4484832e-01  -4.9292920e-01
   2.0000000e+00  -4.2938822e-01   8.9996069e-01   5.5138148e-01  -1.4254264e+00   1.4767683e+00   1.3338003e+00
   2.0000000e+00   8.3009693e-01  -2.1963305e+00  -1.0100669e+00   2.1346247e-01  -1.0004308e+00  -5.5048110e-01
   2.0000000e+00  -1.0636598e-01  -1.6517526e+00  -6.3502947e-01   3.6686561e-01   4.7753453e-01  -2.2479385e-01
   1.0000000e+00  -3.4402874e-01  -1.3207366e-01  -1.0860558e+00  -8.2237500e-01   4.0423758e-01   1.1958565e+00
   2.0000000e+00  -7.0012495e-01  -9.3108321e-01   7.3296584e-01  -1.5843758e+00  -1.6183190e+00  -1.6666369e+00
   2.0000000e+00  -4.4270689e-01   1.3208007e+00   5.1948641e-01   4.5603580e-01  -1.4489622e+00  -2.0359120e+00
   2.0000000e+00   1.9755835e+00  -1.0701035e+00  -1.1802839e+00   3.5788137e-01   1.0351047e+00  -1.7180800e+00
   2.0000000e+00  -1.4789369e+00  -1.3723290e+00   1.4064054e+00   5.1930704e-01   1.2823618e+00   5.6089937e-02
   2.0000000e+00   6.4996829e-01  -1.1617506e+00   1.0140883e+00   1.3856243e-01  -4.8686154e-01  -1.2537292e-01
   2.0000000e+00   3.2844799e-02  -1.9180678e-01   8.6696382e-01   6.8638004e-01  -1.6175322e+00  -3.3929685e-01
   2.0000000e+00   1.2756606e-01  -7.2113226e-01  -1.3055736e+00  -4.4372700e-02   9.3964302e-01  -2.4234234e-01
   2.0000000e+00   5.5287956e-01   4.7770576e-01  -9.8534034e-01  -3.2641590e-01  -1.4214183e-02   3.4637083e-01
   2.0000000e+00   3.9018962e-01  -1.2641140e+00  -1.3681191e-01  -3.9806250e-01  -1.1544384e+00   5.9995266e-01
   2.0000000e+00   1.6126980e+00  -3.8773853e+00   2.6362213e-01  -2.7964861e-01  -1.2382883e+00  -8.1633403e-01
   2.0000000e+00  -1.7214370e-01  -1.9822480e-02   1.9673950e+00   1.4673016e+00  -1.3581384e+00   5.1368983e-01
   2.0000000e+00  -1.5811931e-02   6.3298998e-01   1.3529919e-01   1.2211751e-01   1.1191618e+00   6.4941377e-01
   2.0000000e+00   4.7160815e-01   8.5186737e-01  -1.1757158e-01  -1.7848189e+00  -1.5928915e+00  -1.2505224e+00
   1.0000000e+00   4.6034018e-01  -6.2461137e-02   8.4741982e-01   1.6026828e-02   4.3956300e-01  -4.5101610e-01
   2.0000000e+00  -1.4138847e+00   5.2065227e-01   2.7442734e-01   1.9663688e-01   9.5592646e-01   3.1049582e-02
   2.0000000e+00  -1.5794836e+00  -1.2957839e+00  -5.8702664e-01  -8.9245222e-01   5.3380612e-02  -1.0982288e+00
   2.0000000e+00  -1.6335025e-01  -1.9189798e+00   3.5778844e-01   1.3560296e+00   4.4146349e-01  -8.3968924e-01
   2.0000000e+00   3.2586597e-01   7.2969712e-03   1.2363800e-03  -3.2929842e-01  -4.8826340e-02   4.0960077e-01
   1.0000000e+00   1.1624551e+00   9.2948929e-01   4.8611293e-01   1.4832213e+00   1.8494592e-01  -1.5875121e+00
   2.0000000e+00   5.6243174e-02   7.5581747e-01   1.3019327e-01   2.6887773e-01   1.6303958e+00   1.3274609e-01
   2.0000000e+00  -2.0259270e+00   4.5060813e-01  -2.4797849e-01  -3.0136674e-01  -1.3838825e+00   1.0318253e+00
   2.0000000e+00   1.5234154e-01   2.2691263e+00   4.0480901e-01  -1.1182453e+00  -9.7442315e-01   1.9978183e+00
   1.0000000e+00  -8.9175712e-01   6.8319130e-01  -1.0704536e+00  -3.7219624e-01   6.3972169e-01   1.7193225e+00
   2.0000000e+00  -1.5899360e+00  -4.1068788e-01   1.0135640e-01   7.9009742e-01  -1.7092144e+00   3.6626632e-01
   2.0000000e+00   7.2180838e-02  -9.7374847e-01  -7.5449957e-01   1.3464050e+00  -3.5375353e-02  -2.6351795e-01
   2.0000000e+00   9.1002166e-02  -3.9843115e-01  -4.9420352e-01   5.1447728e-01   1.2120463e+00   3.7881943e-01
   2.0000000e+00   2.1011567e-01   3.4276718e-03  -1.2394758e+00   1.0492839e+00   2.1212144e+00  -5.5566310e-01
   2.0000000e+00   1.0431733e+00   3.0798896e-01  -3.9581734e-01   5.2141890e-01  -1.8152754e+00   6.6029488e-01
   2.0000000e+00  -6.0467957e-01  -6.8414214e-01   8.6084300e-01   8.1253912e-01  -7.3476964e-01   3.5225536e-01
   2.0000000e+00   2.2009374e-01  -1.1878114e+00  -1.8060295e-01   5.2242050e-02   1.0559772e-01  -2.4241949e-01
   2.0000000e+00  -9.8728111e-01  -1.1803260e+00   4.1907408e-01   1.5495005e+00   1.5277497e-02  -1.7745887e+00
   2.0000000e+00  -9.6727345e-01   5.0122798e-01  -1.3358534e+00  -6.4715985e-01  -1.9094970e-01  -1.3189441e-01
   2.0000000e+00   1.0916880e+00   1.8251876e-02   1.7039813e-01   1.2301712e+00  -1.9797576e+00   1.1914823e+00
   1.0000000e+00   1.9210627e-02  -7.3366113e-01  -1.5038140e-02  -6.5774754e-01   1.8503158e-01  -1.8528651e-01
   2.0000000e+00  -1.4937554e-03   1.3227255e+00  -7.4228471e-01   2.3406649e-01   3.6906664e-01  -7.0889112e-01
   2.0000000e+00   1.7711909e+00  -1.1157039e-01   1.3292032e+00  -1.2079523e+00  -6.1569118e-01  -1.2450100e-01
   2.0000000e+00  -8.1779821e-01  -2.4115093e-01   9.7416246e-01  -6.7534935e-01   1.0851158e+00  -9.5220825e-01
   2.0000000e+00  -2.3694671e-01  -3.3591982e-01  -4.8078519e-01   2.7303742e-01   1.0927768e+00   6.3340123e-01
   1.0000000e+00   1.7303554e+00  -1.3940517e-01   3.9108404e-01   1.0422529e-01   1.4608935e-01   3.4068657e-02
   2.0000000e+00   1.1266610e+00  -1.1015692e+00   7.1285758e-02   2.0405811e-01  -7.9815834e-02  -2.3326502e+00
   2.0000000e+00   2.5601749e-01   2.4315793e+00  -1.0275740e+00  -2.2706229e-01   5.4495293e-01   3.3675288e-01
   2.0000000e+00  -7.1115610e-01  -3.8712083e-01  -9.6685489e-01  -4.9301268e-01  -1.9919046e+00   6.8008716e-01
   1.0000000e+00  -7.7123315e-01   1.3161124e-01   1.3681810e+00  -1.5746911e-01   3.2649208e-01   1.1880398e-01
   2.0000000e+00  -8.2362477e-01  -1.2980549e+00  -1.1534093e+00  -3.2867771e-01  -9.5976266e-01   9.2085942e-01
   2.0000000e+00  -5.1699793e-01   6.1301345e-01   1.6189969e-01   9.0193802e-01  -1.9056587e+00   2.3030583e-01
   2.0000000e+00   1.0161204e+00   5.7374029e-01  -6.9193905e-02   1.3460487e+00   8.3751222e-01   9.8729752e-01
   2.0000000e+00   8.8466187e-01  -2.7002240e-01  -7.5369005e-01  -1.1075256e+00  -1.2748240e-01   1.6155743e+00
   1.0000000e+00   1.7840900e-01  -6.4346876e-01  -1.1459814e+00  -1.1648789e-01   2.7444111e-01  -6.4824297e-01
   2.0000000e+00   1.7117700e+00  -7.7562629e-01   6.5027081e-01  -1.5972692e+00  -4.9457457e-01  -1.5009416e+00
   2.0000000e+00   1.4704319e+00   2.2776001e+00  -4.0424868e-03   1.5960228e+00  -8.8653154e-01   6.3350545e-01
   1.0000000e+00  -5.7407402e-01  -5.7889750e-01   5.0833963e-01   3.0403682e-01   5.3020415e-01   1.1708187e+00
   1.0000000e+00  -2.4556060e-01  -7.5086988e-01   1.3472941e+00   1.4801901e-01   2.2035366e-01   1.7496787e+00
   2.0000000e+00  -4.2770661e-01   1.1468914e+00   4.8857808e-01   1.4876898e+00  -3.1488667e+00  -2.5278588e-01
   2.0000000e+00   5.2822096e-01   8.3283247e-01  -2.3316160e+00  -9.8351058e-01  -6.9246014e-01  -5.4589154e-01
   1.0000000e+00  -3.6689933e-01  -8.2733158e-01  -7.9157881e-01  -9.0396254e-01   2.4101626e-01   7.8320748e-01
   2.0000000e+00  -7.9281257e-01  -3.4928140e-01   1.9152259e-01   8.6570537e-01  -2.6266380e-01   5.3342455e-01
   2.0000000e+00   4.9435802e-01  -1.2725381e+00  -1.2826106e+00  -2.2801443e+00   1.4394768e+00  -4.0043756e-01
   2.0000000e+00   7.3943548e-01   2.8414373e-01  -5.3726622e-01   2.5025108e-01  -1.1254105e+00   6.9278126e-01
   2.0000000e+00   4.2813394e-01  -9.5699656e-01  -2.4361804e-01  -2.2972363e-01   4.2393383e-01  -2.2883537e-01
   2.0000000e+00  -5.5636747e-01  -1.7521115e+00  -5.0622980e-01   1.1474006e+00  -1.0982041e-02  -4.4082118e-01
   1.0000000e+00  -8.6624518e-02   2.7810070e-01   2.0674565e-01  -7.8511253e-01   5.3643531e-01  -1.1129977e+00
   2.0000000e+00  -6.4697240e-01   2.1004075e+00  -6.6242267e-02  -1.9924684e+00   1.9021838e+00   6.0937378e-01
   2.0000000e+00  -5.5544685e-01  -3.5277903e-01  -1.5377703e+00   2.7259195e+00   1.6080118e+00   2.1204309e+00
   2.0000000e+00   5.7347193e-01  -5.3677759e-01  -8.0158416e-01   4.7339041e-01   1.2460023e+00   7.1644780e-01
   2.0000000e+00   5.0852369e-01   1.1462362e+00   3.5141267e-01   5.2976903e-01   7.8006350e-01   1.4092799e+00
   1.0000000e+00  -5.6744775e-02   6.1817827e-01  -1.3053356e+00   5.3028931e-01   4.4480051e-02  -1.2681595e+00
   1.0000000e+00  -4.7803452e-01   1.3899072e-01   1.2192726e-01   5.6507539e-01   6.8133637e-01   4.7823425e-01
   2.0000000e+00  -1.7197276e+00  -1.1322205e+00  -1.6965213e+00   9.1686897e-01  -3.7856561e-01   4.3732075e-01
   2.0000000e+00  -1.3727592e-01  -1.0219534e+00   7.2406762e-01   2.7982794e-01   5.2114229e-01  -4.4458113e-01
   2.0000000e+00  -1.1471467e-01   3.8883797e-01   9.6324218e-02  -2.6564261e-02   1.0914759e+00  -1.0704227e+00
   2.0000000e+00   1.6825116e-01   5.5776550e-01  -1.9522615e-01   1.8923328e-01  -8.9079478e-01  -1.0632816e+00
   2.0000000e+00   1.3741366e+00   1.8440283e+00   4.7397913e-01  -1.0221069e+00  -1.3027525e-01  -3.7519310e-01
   2.0000000e+00  -8.0869344e-02  -1.1204555e+00  -1.2406683e+00   1.1169634e+00  -2.6912305e-01  -1.4933285e+00
   2.0000000e+00  -7.1499828e-02   1.7480070e+00   4.3593946e-01   6.9330956e-01  -5.7051376e-01   1.3879773e-01
   1.0000000e+00  -6.7424308e-02   4.2046421e-01  -6.7859618e-01  -2.8160526e-01   2.2369843e-01   5.9373475e-01
   2.0000000e+00   3.3806513e-01   2.7622923e-01  -1.3783024e-01   5.3871515e-01   9.9593244e-01   7.6659654e-01
   2.0000000e+00   1.3757711e+00   1.3396811e+00  -5.8939382e-01  -3.9528929e-01  -5.1797307e-01  -1.7480619e-01
   2.0000000e+00   1.9424256e+00   4.1391908e-01  -8.1363477e-01  -3.8664490e-01   5.6719930e-01   1.4427308e+00
   2.0000000e+00   1.1449613e+00   8.1118452e-01   7.4189754e-01   1.2421939e-01  -2.7613117e-01   1.9376275e-01
   2.0000000e+00   1.0401086e+00  -5.2614412e-01   1.2278195e+00  -5.3736671e-02   1.6664781e+00  -1.7733704e-01
   1.0000000e+00   1.3653475e+00  -6.3522974e-01  -7.8237506e-01   9.2432119e-03   6.9961426e-01   6.2296100e-03
   2.0000000e+00  -1.4913459e-01   3.8177714e-01   5.3406210e-01   9.3541378e-01  -3.9776091e-01   3.3317603e-01
   2.0000000e+00   1.5711451e+00  -1.5628356e+00  -1.1527155e+00  -8.0717052e-01  -1.4021583e+00  -6.6688011e-01
   2.0000000e+00   1.0050366e+00  -1.0557535e+00  -8.3836032e-01  -1.4208832e+00   4.4149129e-01   4.5208479e-01
   2.0000000e+00  -4.3256249e-01  -9.5250805e-01   2.3969825e-01  -8.6696022e-01  -2.2032315e+00  -8.5992587e-01
   2.0000000e+00   7.0521580e-01  -1.4242908e-01  -9.3722487e-01   2.2138893e+00  -5.8351564e-01  -8.2108724e-01
   2.0000000e+00   2.4404329e+00  -8.4556269e-02   1.0614644e+00  -2.0729199e+00   1.0114433e+00  -9.2457502e-01
   1.0000000e+00  -5.3827042e-01   3.6822432e-02   6.0932543e-01  -6.6897110e-01   5.7732561e-01   4.3510904e-01
   2.0000000e+00  -1.5415009e+00  -2.8207125e-01  -8.9268001e-01  -2.0926561e-01   1.5195077e+00  -1.2458664e-01
   2.0000000e+00   9.1936665e-01   1.4407943e+00   3.0468669e-03  -1.5681111e+00   3.7276136e+00  -3.6299790e-01
   1.0000000e+00   6.7728236e-01  -1.3779137e-01   1.5873417e-01   3.1166023e-01   7.8940562e-01   1.4114953e-01
   2.0000000e+00  -8.2854644e-01   1.8128070e+00   1.3685405e+00  -1.5725616e-01  -1.5975399e+00  -2.5788544e-02
   2.0000000e+00   9.0019042e-02  -6.9446345e-01  -1.2175175e+00   1.0664162e+00   8.7676187e-01   1.7640539e-01
   2.0000000e+00   2.4998526e-01  -1.2563427e+00  -1.2529605e+00   1.2393824e+00   7.6963086e-01  -2.6545106e-01
   2.0000000e+00   3.9763236e-01  -1.0929735e+00   6.8206044e-01  -1.8641997e-01   4.1497293e-01  -1.7425549e+00
   2.0000000e+00  -7.2545924e-01   1.7292701e+00  -6.6767680e-01  -9.3985217e-01  -1.7825443e+00  -1.2673527e+00
   2.0000000e+00   6.5683975e-01  -1.0965598e+00  -1.9911164e+00   5.6822687e-01  -9.4284140e-01   3.2793725e-01
   2.0000000e+00   1.8808594e+00   1.1026056e+00  -1.1503932e+00   1.1615407e+00  -1.9197750e+00   7.3795700e-01
   2.0000000e+00   1.8527468e+00   1.9352350e+00  -1.1956725e+00  -1.5109211e-01  -9.1253116e-01  -8.8010432e-01
   2.0000000e+00   9.7479566e-01   1.2576366e+00  -6.9467634e-01   7.6675917e-01   5.1048981e-02  -1.3860136e-01
   1.0000000e+00  -1.5756264e+00  -2.1618098e-02   3.9469302e-01  -1.8087666e+00   1.2217873e-01  -1.2646381e+00
   2.0000000e+00   7.7864181e-01  -1.1183361e-01  -1.0825062e+00   1.5410238e-01  -1.1943392e+00   1.0464779e+00
   2.0000000e+00   9.8665472e-01  -7.7995627e-01  -2.2075346e+00   2.2605588e-01  -7.0215338e-02  -1.5981810e+00
   2.0000000e+00  -1.3089116e-01   2.8632001e-01  -4.3150433e-01  -1.1644389e+00  -2.6605611e-01  -7.2118950e-01
   1.0000000e+00  -1.3114890e+00   3.0967117e-01  -2.9221367e-01   9.4512444e-02   5.9824287e-01  -3.6946370e-01
   2.0000000e+00  -3.5614356e-01   1.9762709e+00   2.6610275e-01   8.8648192e-01  -8.4002154e-01  -7.7804244e-01
   2.0000000e+00  -5.6916340e-01  -1.2526891e+00   2.9472316e-01  -5.7712505e-01  -5.7159673e-01  -1.2480473e+00
   2.0000000e+00  -5.0362668e-01  -3.3449239e-02   1.1350806e+00   1.9591195e+00  -1.2852227e+00  -1.7722756e-01
   2.0000000e+00   7.9620519e-01  -8.4167308e-01   1.1806962e+00  -1.5250982e+00   1.5121266e+00  -1.2468165e+00
   1.0000000e+00  -9.0041996e-01   3.1981873e-01  -9.3105604e-01   3.2815592e-01   7.4539109e-03  -3.0760918e-01
   2.0000000e+00   1.4674659e+00  -3.9922934e-01   1.0861273e+00  -2.5378170e+00  -6.0855888e-02   1.1966238e-01
   2.0000000e+00   2.2350352e-01   1.1028413e+00   2.4854132e-01   3.5395559e-02   3.0750307e-01   9.6317388e-01
   2.0000000e+00  -4.2948854e-01   4.0803408e-01  -8.2104011e-01  -4.0315003e-01  -1.0538802e+00   4.8602191e-01
   1.0000000e+00   6.7181900e-01   8.5539122e-01  -6.9378366e-01  -1.5490988e+00   3.5800421e-02  -1.8103753e-01
   2.0000000e+00   9.6908262e-01  -5.2327513e-02  -1.2975116e+00  -3.0756692e-01   1.3602673e+00   2.6358392e-01
   1.0000000e+00  -1.3744528e-01  -1.3731709e-01   6.3613984e-02  -1.6918956e+00   2.1422883e-01  -8.3816450e-01
   2.0000000e+00  -7.2197248e-01   1.2713506e+00  -3.2259609e-01  -5.3437085e-01  -1.6298501e-01  -1.9794590e+00
   1.0000000e+00   1.4609764e-01   7.1165721e-01   1.2851745e+00  -3.4960948e-01   4.7359557e-01  -9.5574572e-01
   2.0000000e+00   1.5538406e+00   3.1211801e-01   1.1333298e-01  -6.6184106e-01  -1.2667543e+00   3.9238637e-01
   2.0000000e+00  -9.5285542e-04   1.5339873e+00   1.5228740e-01  -4.7951148e-01  -3.0046157e-01  -3.4741265e-01
   2.0000000e+00  -5.2381924e-01  -4.4054267e-01  -9.5713192e-02   1.3363877e+00  -3.5827656e-01  -1.1018384e+00
   1.0000000e+00  -6.3558000e-01   6.5617679e-01  -1.0369969e+00   3.2547265e-01   5.4581702e-01   1.0230557e+00
   2.0000000e+00   7.5157917e-02  -6.8577932e-01   1.1398704e+00   4.7476766e-01  -2.7077731e-02  -3.3684644e-01
   1.0000000e+00   4.1871481e-01   2.3433239e-01   1.3009581e+00  -1.3007850e-01   7.0212308e-01   6.9151372e-02
   2.0000000e+00  -1.3252004e-01   1.2597935e+00   1.5039262e+00   5.3295976e-01  -8.4725956e-01  -6.0677052e-01
   2.0000000e+00  -9.8064879e-01   1.0470216e+00  -9.3633372e-01  -1.6864438e+00  -1.3688881e+00  -1.5895312e+00
   1.0000000e+00   1.0844390e+00  -1.0926646e-01  -2.0005947e-01   1.0685160e+00   8.2713950e-01  -1.3017727e-01
   2.0000000e+00  -1.8476315e+00  -1.3534569e+00   1.6812346e-01  -1.9622601e-01  -1.0463339e+00   1.0400589e+00
   2.0000000e+00  -7.5139473e-02   1.2960029e+00  -7.8376158e-02  -7.6478801e-01  -5.7053319e-01  -2.7511602e-01
   2.0000000e+00  -2.3650399e+00  -1.4350335e-01  -1.0685489e+00   1.3403326e+00  -3.4552620e-01   1.0908167e-01
   2.0000000e+00   5.6698481e-03   7.3925905e-01   3.3062569e-01   1.1682249e+00  -1.1687057e+00   7.6345393e-01
   1.0000000e+00   1.3019501e-01   7.3593167e-01   1.4958754e+00  -6.6420993e-01   5.1192359e-01   1.6959399e+00
   2.0000000e+00  -1.1839362e+00   7.8844600e-01   5.7796213e-01  -1.4071143e+00  -7.6408133e-01   2.6811148e+00
   1.0000000e+00  -5.3648660e-01   2.1574545e-01   3.4683638e-01   6.7023351e-01   7.4885513e-01  -7.1896267e-01
   2.0000000e+00   4.6089956e-01   1.5487786e+00   1.3120909e+00   1.5829446e-01  -1.7126880e+00   2.5638380e+00
   2.0000000e+00   3.5863340e-01   1.1898885e-01   8.8585011e-01   1.2086282e+00  -4.6698965e-01  -3.8628277e-01
   2.0000000e+00  -2.4098276e-01   6.1397535e-01  -1.2149743e+00   1.6434840e+00   2.3381040e+00  -1.5429251e+00
   2.0000000e+00   1.3659077e+00   6.6298181e-01   1.3796416e+00   2.8868248e-01  -1.9044412e-01  -9.2427245e-01
   1.0000000e+00  -7.8275922e-02  -9.4477533e-02  -8.6613362e-02  -7.5277864e-01   3.3163307e-01   2.5537452e-01
   2.0000000e+00  -5.3219651e-01  -4.6185935e-01   4.3701890e-01  -2.3274705e-01  -7.2873913e-01   2.2207087e+00
   1.0000000e+00  -3.7693625e-01  -5.4731270e-01  -3.5828055e-01  -8.2520227e-01   1.6493066e-01   1.6926499e-01
   2.0000000e+00   4.7795717e-01   1.6236874e+00   3.5535413e-01   2.6665819e-01   2.3231986e-01   1.4310217e-01
   2.0000000e+00   4.3367022e-01   1.1577210e+00   1.4770627e+00  -7.9877350e-01  -6.1911034e-01   9.9437998e-01
   2.0000000e+00   3.2522470e-01  -5.5323117e-01  -1.1609608e+00  -1.7293378e+00  -9.0650185e-01  -1.2457393e+00
   2.0000000e+00   1.1031387e+00  -2.1436717e+00   4.5757627e-01  -1.8085765e+00   3.0700196e-01  -9.0236789e-01
   2.0000000e+00  -6.7070373e-01   6.9964082e-01  -2.5417348e-01   1.7777381e+00  -7.8393669e-02   1.5070594e+00
   2.0000000e+00  -1.3451544e+00  -6.1666012e-01   3.6164664e-01   3.0366214e-01  -2.7327604e-01   1.7626470e+00
   2.0000000e+00   1.8718346e+00   8.2545047e-01   4.8720505e-01   5.0539070e-01   1.4250610e+00  -2.6886809e-01
   2.0000000e+00  -3.4814228e-01  -2.5298968e-01   3.9244131e-01   1.7545782e+00  -3.1009385e-01   6.0503672e-01
   2.0000000e+00   1.3002570e+00   3.8662142e-01  -1.0302463e+00  -4.4459642e-01  -6.3119431e-01   1.2118481e+00
   1.0000000e+00   6.6450474e-02   6.6271995e-01  -7.9065430e-01   4.6123342e-01   2.9271482e-01   5.6001306e-01
   2.0000000e+00  -1.0468039e+00  -1.9171275e+00   8.7724260e-02  -1.6414711e+00   1.1129722e+00   1.8296788e+00
   2.0000000e+00   1.6180290e-01   2.8640254e-01   4.1129805e-01  -1.5061601e+00  -4.0486425e-01   6.6616947e-01
   2.0000000e+00   1.0712080e+00   4.1090933e-02   9.3191923e-02   1.0920625e+00  -5.2877290e-01  -7.2155391e-01
   1.0000000e+00  -1.3095698e-01   4.7782899e-01  -3.6268622e-01   1.1190338e+00   3.8583599e-01  -8.2175356e-01
   2.0000000e+00  -1.5403262e+00  -1.9792287e-01   4.6598316e-01   1.2452068e+00  -1.4379650e-01  -9.6663209e-01
   2.0000000e+00  -9.3014437e-01   7.3971526e-02   6.5146544e-01  -9.5400639e-02   1.4772072e+00   1.7032735e+00
   1.0000000e+00   1.2967448e+00   6.4253292e-01   2.6018306e+00   1.1261272e+00   3.6804124e-01  -3.5550589e-01
   2.0000000e+00   1.0649780e+00  -5.6746313e-01   4.3170320e-01   9.1312844e-01  -5.5240290e-01  -3.8808828e-01
   1.0000000e+00   1.1195018e+00  -9.9119388e-01  -4.4920736e-01  -9.2001912e-01   1.1636616e-01  -6.7972612e-01
   1.0000000e+00  -6.0177112e-01  -7.1449290e-01  -3.7058837e-01   4.4120611e-01   3.2868316e-01  -1.0654164e+00
   2.0000000e+00   1.8386198e-01  -6.1775770e-01   5.2865000e-01  -5.8999150e-01  -1.6969333e+00  -9.9709639e-01
   2.0000000e+00  -4.0694131e-01   1.8447041e+00   1.3538891e-01  -1.6656629e+00  -6.1609505e-01  -2.2124535e-01
   2.0000000e+00  -9.6250876e-02   1.2088515e+00   1.5359350e-02  -3.9456570e-01  -1.1499653e+00   4.6421498e-01
   1.0000000e+00  -7.4598608e-01  -1.0177132e-01  -3.6769645e-01   1.0513010e+00   6.6379815e-01   7.6215800e-01
   2.0000000e+00  -1.6455671e+00   1.1177135e+00   1.1066660e+00   1.0679434e+00   4.0787195e-01   1.1001458e-01
   1.0000000e+00   1.7081552e-01  -4.1967118e-01  -4.0632903e-01   1.8563769e+00   1.3775046e-01   2.0414952e+00
   2.0000000e+00  -1.7974683e+00   1.2025291e+00  -8.6264801e-01   1.3241099e+00  -1.0205117e+00  -2.2542065e-01
   1.0000000e+00   1.6284322e+00   5.3738389e-01   1.6830764e-01   2.5922331e+00   2.4575532e-01   3.9646876e-01
   1.0000000e+00   3.5216617e-01   3.8892713e-01  -1.3574087e-01  -7.5723290e-01   6.7098785e-01   2.3378168e-01
   2.0000000e+00   1.6385930e+00   1.2848190e+00   1.0711678e+00   6.5285713e-03  -2.9901812e-01  -1.7111499e+00
   2.0000000e+00  -1.1850731e+00   3.1632800e+00  -7.0340476e-01  -5.5940035e-01  -8.3401018e-02  -1.5783423e+00
   2.0000000e+00   9.1358850e-01  -9.8075580e-01  -9.1876041e-01   4.6975083e-02  -2.8097962e-02  -1.2034539e+00
   1.0000000e+00   5.4775552e-01  -4.2756727e-01   1.4651411e+00   8.1791002e-01   6.0458911e-01   2.2024897e-01
   1.0000000e+00   9.0694580e-01  -7.0081942e-01  -1.4956019e+00   9.6352485e-02   2.1377975e-01   2.1518826e-01
   2.0000000e+00   1.3279119e+00  -1.2568881e+00   1.8148947e-01   7.7239800e-01  -1.9286273e+00   2.8142679e-01
   2.0000000e+00   1.8180981e-01  -1.2801947e+00   4.6170511e-01   5.3696470e-01  -3.4493465e-01  -1.5279778e-01
   1.0000000e+00   5.2383859e-01  -5.1260001e-01  -3.7978878e-01  -1.9750993e+00   8.3559997e-01   7.3712651e-02
   2.0000000e+00   8.6349934e-01   9.0080085e-01  -1.3485806e+00  -2.0348771e-01   1.4736770e+00   8.3265755e-01
   2.0000000e+00   3.2057670e-01  -7.9383758e-01   9.4965181e-02  -2.1208528e-01  -3.2213135e-01  -1.0260645e+00
   2.0000000e+00   8.5463427e-01  -1.2045121e+00  -1.3352879e+00  -2.2419558e-01   4.2467712e-02  -9.5282780e-01
   2.0000000e+00   9.2220864e-01  -5.6991144e-01   4.6319194e-01  -1.9279388e+00   8.9618593e-01   1.5435987e-01
   2.0000000e+00  -1.3317488e+00  -7.8062004e-01   1.5291770e-01   3.6167077e-01   1.0101388e+00  -1.9660318e+00
   1.0000000e+00  -2.3741272e-01   4.2917620e-01  -3.3234181e-01  -7.2021782e-01   3.4073990e-01   4.3409445e-01
   1.0000000e+00  -1.0595858e+00  -2.6431660e-01   2.2948639e+00  -4.8107875e-01   6.5627931e-02  -8.7329305e-01
   1.0000000e+00  -1.7140174e+00   3.7003218e-02  -7.0190215e-02   2.6517998e-01   2.5153346e-01   9.3744907e-02
