   1.0000000e+00   6.8979269e-02  -5.8005078e-01  -1.7293123e+00  -4.2772343e-01   2.4221293e-01  -1.2263399e+00
   2.0000000e+00  -1.2101264e+00   3.4489906e-01  -1.7327624e+00   2.0439900e+00  -3.5033298e-01   8.8973817e-02
   2.0000000e+00  -7.9751305e-01  -2.5293251e-01  -1.3078936e+00  -3.3696363e-01   7.1510246e-01  -2.1628504e+00
   2.0000000e+00  -4.8082392e-01  -1.0079119e-01   1.4635346e+00   7.3280980e-02  -6.3412380e-01   2.0998949e+00
   1.0000000e+00   3.1916526e-01   6.7017772e-01   1.6782668e+00  -1.6572604e+00   8.7156124e-01   2.4006626e-02
   1.0000000e+00  -7.1773971e-01   3.3018564e-01   4.5233480e-01  -1.6350449e-01   4.6887042e-01  -6.8979431e-01
   1.0000000e+00  -1.1899211e-01   1.2364686e-01  -2.7462566e-01  -1.5353865e+00   8.5088589e-02   9.6525609e-01
   2.0000000e+00  -1.0609110e+00   5.1629447e-03   8.7045314e-01  -4.8320883e-01  -4.2570026e-01  -1.3567598e-01
   2.0000000e+00   3.1054447e-01   1.6505784e+00  -4.5451239e-01   8.4336252e-01  -1.4679600e+00  -1.7849358e-01
   2.0000000e+00   1.5105480e-01   4.0467368e-01   8.6978663e-01   4.5872155e-01  -4.6167593e-01  -1.9968144e+00
   2.0000000e+00   1.0186342e+00  -8.2535881e-01  -3.7369561e-01  -5.1167908e-01  -7.8293289e-01  -1.7537199e+00
   1.0000000e+00  -3.1895270e-01   1.0769577e+00  -1.3497945e+00   4.3853310e-01   7.2708186e-01   2.4238069e+00
   1.0000000e+00   6.5680732e-01   4.8159726e-02  -4.7691047e-01   8.0401353e-01   1.0388676e-01  -6.4938012e-01
   2.0000000e+00   3.8429341e-01  -3.5495845e-01  -5.4241162e-01   2.5196801e-01  -5.2395471e-01  -1.9493022e-01
   2.0000000e+00  -5.2078170e-01  -3.2945898e-02  -7.4169320e-01  -5.0885336e-01  -1.1290749e+00   1.4985670e+00
   1.0000000e+00  -3.7652062e-01  -1.7655148e+00  -2.1974122e-01  -7.3461125e-02   6.5513012e-01   2.9505319e-01
   2.0000000e+00  -3.3182929e-01  -3.4774758e-01   8.4689704e-01   1.3262398e+00   1.8932783e+00   3.0290201e-01
   2.0000000e+00  -7.0697365e-01  -4.4763429e-01   1.7986696e+00   6.7629376e-01  -8.3554155e-02   6.6650583e-01
   2.0000000e+00   8.5725956e-01  -4.2720180e-02  -1.0558192e+00   2.1958243e+00   6.6481114e-01  -4.6693375e-01
   2.0000000e+00   1.4086989e-01   3.3369327e-02  -1.3498166e+00   7.0520532e-01   1.6664393e+00  -1.1326244e+00
   2.0000000e+00  -1.3561639e+00   1.1993761e+00  -3.7776128e-01   2.1507527e+00   1.1790648e+00   4.4667747e-01
   1.0000000e+00  -2.1638263e-01  -1.6119629e+00  -2.8429975e-01  -9.9928287e-01   6.1612320e-01   6.9427147e-01
   2.0000000e+00   2.7458386e-01   1.5498632e+00  -3.1953832e-01  -2.3823433e-01  -1.7602419e+00   8.5369519e-03
   2.0000000e+00  -2.0659967e-01  -4.1774736e-01  -3.6102711e-01  -1.7000544e-01   3.3926095e+00  -1.2934069e+00
   2.0000000e+00   5.7229637e-01   1.1655971e+00  -5.1641645e-01  -6.5359974e-01   1.9936542e+00  -6.7929698e-01
   2.0000000e+00   1.4281016e+00  -1.2415169e+00  -2.8061843e-01   1.8171295e-01   7.3753747e-01   7.2230075e-02
   1.0000000e+00   8.7710447e-01   1.4997454e+00   1.7687302e+00   2.1636095e-02   1.7796198e-01   1.3379633e+00
   1.0000000e+00  -9.4322358e-02   1.2206294e+00  -6.7410185e-01  -2.2406715e-01   6.7707800e-01  -1.7231800e+00
   2.0000000e+00   1.3989213e+00  -8.8252325e-01  -6.3475754e-01  -2.7520447e-01   4.1162981e-01  -4.7921466e-01
   2.0000000e+00   2.8891444e-01   5.8085091e-01  -8.1567514e-01  -2.9938784e-01  -6.8049642e-01   1.0157986e+00
   2.0000000e+00   6.1321197e-01  -7.0269922e-01  -8.6083088e-01   1.1020214e+00  -5.9207174e-01   6.5904684e-02
   2.0000000e+00  -6.1867947e-01  -1.2985341e-01  -2.3509327e+00   9.8168012e-01  -5.6108305e-01   1.3982133e+00
   2.0000000e+00   9.1632382e-01  -1.0188890e-01   9.2140943e-01  -1.2015360e+00   6.0032995e-01  -1.9337736e-01
   2.0000000e+00   2.1227704e+00  -1.5472770e+00   7.3229126e-02  -1.4774972e+00  -4.8761368e-01   3.5725394e-01
   2.0000000e+00  -9.7855938e-01   7.7462675e-01  -1.2648014e+00  -1.4769867e+00   7.5064794e-01   9.6934204e-02
   2.0000000e+00   6.3448324e-01   8.3551477e-01   3.4057174e-01  -1.2458107e-02  -9.2718322e-01   3.8891282e-01
   1.0000000e+00   5.1902289e-03  -1.9163717e+00   8.8259016e-01   4.3140085e-01   8.7709960e-01   7.3107809e-01
   2.0000000e+00   2.0543084e-01   1.1958989e-01   4.0253902e-01  -7.0933406e-01  -2.7124076e+00   2.6816059e-01
   2.0000000e+00  -1.6630875e+00  -1.1502357e-01  -4.0073672e-01   1.6896558e+00  -6.4548058e-01   1.6597481e-01
   2.0000000e+00  -7.0672170e-01   4.0237113e-01   6.3070526e-01  -6.6717664e-02  -9.0134614e-02  -1.0025744e-01
   2.0000000e+00  -1.5180219e+00   8.2108304e-01  -1.1188667e+00  -5.4256761e-01   2.0620447e+00  -1.3082380e+00
   2.0000000e+00  -2.6313890e-01  -6.6227704e-01  -1.0509421e-01  -7.0160203e-01   1.1396488e+00  -5.0289242e-01
   1.0000000e+00  -2.3177362e-01  -2.6213003e-01   5.7586012e-01  -2.1332971e-02   1.4756081e-01   1.9922163e-02
   2.0000000e+00   5.6177780e-01  -2.3467908e+00  -2.5809732e+00   1.0218820e+00  -1.2427874e+00   8.4399109e-01
   2.0000000e+00   1.2692371e-01  -1.2526431e+00   1.0273561e+00  -1.6610144e+00   1.5898952e+00  -4.1596594e-01
   2.0000000e+00   1.3979744e+00  -8.2004644e-01   1.1820385e+00  -5.6845539e-01  -5.1752396e-01  -6.2629857e-01
   2.0000000e+00   8.9890015e-01   2.1803958e-01  -4.8313508e-01   8.9798220e-01  -1.1346577e+00  -7.9885108e-01
   2.0000000e+00   1.0883298e+00   5.1303575e-01   8.6531942e-01  -7.7720783e-02  -7.3057435e-01   2.6078390e-01
   2.0000000e+00  -5.2891725e-01  -2.8478328e-01  -5.7486644e-01   4.2454568e-01  -1.1599691e+00   3.3231579e-02
   2.0000000e+00  -2.1293231e+00  -5.1237097e-01   1.4768450e+00   8.0862737e-01   4.3005407e-01  -1.7302858e+00
   2.0000000e+00   2.8097405e-01  -4.3680091e-01   4.9850786e-01   3.2253875e-01  -1.3422024e-01  -1.0691024e+00
   2.0000000e+00  -1.9311481e+00  -3.3287970e-01   1.0124199e+00  -1.6371809e+00  -6.1551669e-01   9.7166073e-01
   2.0000000e+00   1.4813513e+00  -2.5057372e-01   2.0532507e+00   2.5176209e+00   5.3183599e-01  -9.7468049e-01
   1.0000000e+00   2.4765643e-01  -4.8735097e-01   1.5389469e+00  -2.6185413e-01   8.4286535e-01  -6.9565819e-01
   1.0000000e+00   4.7683778e-01   5.2134239e-01  -1.3456320e+00  -6.6687173e-02   7.5754625e-01   1.7826190e+00
   2.0000000e+00  -2.1853928e-01  -9.0762932e-01   1.5968362e+00   1.3529611e+00  -1.3810803e-01   3.8441350e-01
   1.0000000e+00  -3.0042851e-02  -1.9301747e+00   1.5871448e+00   3.8691146e-01   1.0792851e-01   2.2738625e+00
   1.0000000e+00  -5.8434896e-01  -1.5495188e+00   5.0825701e-01  -2.5719046e-01   4.0760331e-01  -1.0585496e-01
   1.0000000e+00   1.1416561e-01  -1.1390574e+00  -4.8940500e-01   7.5357523e-01   9.1628525e-01  -1.6367064e-02
   1.0000000e+00   2.7763895e-01   6.0067381e-01   6.9715083e-01  -1.7065392e-01   1.2363635e-02   1.7418312e-01
   2.0000000e+00   8.7462814e-01  -8.0690494e-01   1.3489164e+00   2.2171250e-01  -7.0395265e-01  -4.2158473e-01
   1.0000000e+00   6.7285274e-02   1.3408817e+00  -7.3660404e-01  -2.7764649e-01   1.6655344e-01   2.2679979e+00
   2.0000000e+00   4.4392132e-01   1.2289122e-01   7.4501666e-01   2.0334745e-01  -3.1355852e-01   1.4958313e-01
   1.0000000e+00  -2.7629027e-01   1.5024979e+00   1.1893769e-01  -2.6539143e-01   1.6263693e-01   1.5680609e+00
   2.0000000e+00   3.8710309e-01  -1.5806245e-01  -7.4691378e-02  -1.0204100e+00  -2.4068091e+00  -1.7001404e+00
   2.0000000e+00  -1.6784722e+00  -1.0824874e+00   7.5711546e-01   8.2081401e-02  -4.8727577e-01   4.5202051e-01
   2.0000000e+00   1.1596971e+00  -9.7182207e-01  -8.6926306e-02  -3.9647484e-01   2.0030994e+00   7.8532630e-03
   2.0000000e+00  -1.1299367e+00   1.5765813e+00   1.7099920e+00  -7.0715827e-02   5.4079701e-02  -1.9109811e+00
   2.0000000e+00   5.2475541e-01  -6.6350135e-01  -6.7842365e-01  -8.0114115e-01  -2.7388650e-01   3.0823513e-01
   2.0000000e+00   1.4864077e+00  -7.0277361e-01   4.8430872e-01   1.3373112e+00   1.3405137e+00  -1.5081404e+00
   2.0000000e+00  -3.0970274e-01  -2.1756719e+00  -6.5054362e-01   5.7708528e-01  -2.3855261e+00  -1.0951669e-01
   2.0000000e+00  -2.0790647e+00  -1.9997361e-01  -1.8418687e+00   1.9250141e-01  -1.0295757e+00   1.1017703e-01
   2.0000000e+00  -1.3627699e+00  -1.7420456e+00  -1.0647686e+00  -7.0413901e-01   1.9194590e+00  -8.9988560e-01
   2.0000000e+00   1.6126753e+00   1.3807049e+00  -3.7128401e-01  -6.5888846e-02  -1.2976265e+00   9.8289720e-02
   2.0000000e+00  -5.5697867e-01   9.6789962e-01  -7.9864483e-01   5.7845098e-01   1.0339669e+00  -9.0773926e-01
   2.0000000e+00   8.2422726e-01  -2.7479606e-01   3.6190254e-01   1.2645124e+00   7.4790906e-01   4.6678194e-01
   2.0000000e+00   7.0898138e-01   1.3068563e+00  -1.0885784e+00  -5.6270804e-01   1.2984952e+00  -5.6201662e-01
   2.0000000e+00  -9.8372095e-01   9.8317184e-02   2.2935338e+00  -6.6583870e-01  -1.1860522e+00  -1.0193548e+00
   2.0000000e+00  -9.5860441e-01  -7.7274129e-02  -3.0807592e-02  -3.7116226e-01   8.5724900e-01  -9.4458558e-01
   2.0000000e+00  -6.4301996e-01  -1.3153409e-01   1.4205122e+00  -1.0276845e+00   1.1225590e+00  -1.6147730e+00
   2.0000000e+00  -3.2027043e-01  -3.2100235e-01  -8.1544749e-02  -3.9283157e-01   2.1723396e+00   1.1332125e+00
   2.0000000e+00   6.9058148e-01  -2.6602669e-01   1.8153646e-01  -8.7304768e-01  -5.8956426e-01  -4.6207746e-01
   2.0000000e+00   8.2061977e-02   1.9564181e-01   2.4289062e-02   1.0981696e+00  -4.1014614e-01   8.5994116e-01
   2.0000000e+00  -1.0821721e+00  -1.4928048e+00  -9.6817235e-02   1.0617770e+00   2.6108153e-02  -9.8552991e-01
   2.0000000e+00  -3.4786387e-01   6.7670122e-01  -1.6397575e+00  -1.4477673e+00  -1.6478595e+00   2.0600041e-01
   1.0000000e+00   7.6976523e-01   1.5236241e+00   2.2180430e-01   9.9782157e-01   1.9846455e-01   1.0066871e+00
   2.0000000e+00   3.3817247e-01  -4.9776609e-01   2.8340148e-01   4.7185982e-01  -9.5143384e-01  -5.4047646e-01
   2.0000000e+00   8.2818621e-01   2.2378718e-01   2.9833889e-01   4.5075791e-02   1.1136506e+00   3.3990489e-01
   2.0000000e+00  -8.9169986e-01  -6.5928217e-01   7.0484819e-01  -1.0195162e+00  -8.9107054e-01  -2.6966432e-01
   1.0000000e+00  -5.6706765e-01   7.5567377e-01   1.3890863e+00  -4.5618666e-01   7.4033501e-01   1.4756446e+00
   2.0000000e+00  -1.0566607e+00  -9.0922625e-01  -1.0910976e+00   1.3042472e+00  -8.1285811e-01  -3.4312945e-01
   2.0000000e+00  -3.6686028e-01   5.1398369e-01   5.5940039e-01  -1.0373576e+00  -5.7445132e-01  -4.7039869e-01
   2.0000000e+00  -1.6650232e+00  -1.2854736e+00   2.1925125e-01   1.0037162e+00   8.1707877e-01   2.1941423e-01
   2.0000000e+00  -4.8274831e-01   2.6873689e-01  -1.4795807e-01   4.5281323e-01  -1.0509969e+00   1.6868772e-01
   2.0000000e+00   5.1410649e-01  -2.0010595e-01  -1.1100309e+00  -5.0494607e-01  -4.8062678e-01   5.0728083e-01
   2.0000000e+00  -1.9615744e-01  -1.0257811e+00  -1.7606764e+00   9.1750766e-01   1.1236678e+00  -1.8015321e+00
   2.0000000e+00  -1.2605473e+00   3.8591257e-02  -4.1813034e-01   1.3989724e-01  -3.4209492e-01   8.9347290e-01
   2.0000000e+00  -4.5953854e-01  -2.1106881e-01  -1.4679665e+00  -7.3166870e-01  -1.3135918e+00   1.4503793e+00
   2.0000000e+00   5.6283774e-02   1.0401684e+00   3.7540648e-02  -2.4710014e+00   1.8656500e+00  -1.4113115e+00
   2.0000000e+00   1.9335740e-01  -4.0354715e-01  -5.0739366e-01   6.3282758e-01  -6.5786327e-01  -1.3774141e+00
   2.0000000e+00   1.4995876e-01   8.7574886e-01  -1.2188762e+00   8.3149343e-01   1.2501769e+00  -1.8723253e-01
   1.0000000e+00   2.5664977e-01  -1.1539732e+00   7.0854522e-01   1.6651111e-01   8.6538902e-01   1.1547747e+00
   1.0000000e+00  -3.6519812e-01  -4.6422178e-01  -4.1790375e-01  -8.0649770e-01   7.5322291e-01   2.1223585e-01
   2.0000000e+00   1.7006905e+00  -1.1186647e+00   4.3133112e-01  -8.9166629e-01   1.8083532e+00  -1.3621466e+00
   2.0000000e+00   1.5080349e-01  -1.0138532e+00   2.3193010e-01   2.1788534e-01   1.5494121e+00   2.6457418e+00
   2.0000000e+00  -8.3999464e-01   6.2408145e-01  -9.3012952e-01  -6.6947423e-01  -2.5495735e+00   2.2998591e-01
   2.0000000e+00  -8.3535658e-01  -1.3489642e+00   4.1082704e-01   2.1100500e+00  -8.0029581e-01  -3.4597050e-01
   2.0000000e+00   1.2367065e+00   1.3531209e+00  -1.3900528e-01  -3.5931265e-01   1.5080755e+00   1.1245573e+00
   2.0000000e+00  -9.7043910e-01  -1.5251509e+00  -1.7688571e-01   3.2732351e-01   6.6509690e-01  -3.6250456e-01
   2.0000000e+00   1.4381402e+00   1.1198803e+00   8.8590476e-01   1.3749458e+00   3.6703171e-01   1.8243521e+00
   2.0000000e+00  -5.6338369e-01   1.8681805e+00   2.1001087e+00   2.0871836e-01  -5.7574706e-01  -6.4652511e-01
   1.0000000e+00   6.1464267e-01   7.3543841e-01  -1.1706767e+00  -1.4150003e+00   5.3433536e-01   8.9070784e-01
   2.0000000e+00   1.1166686e+00  -2.6926806e-01   1.2034559e+00   5.1973133e-01  -1.9288463e-01   2.2547800e+00
   2.0000000e+00   1.7429037e+00   4.2677385e-01   1.0935431e+00   9.4366290e-02  -4.9299862e-01   5.7457272e-01
   2.0000000e+00  -1.7881549e+00   9.6851104e-01   7.1006055e-02  -5.6158953e-01  -7.5809112e-01   5.4839019e-01
   1.0000000e+00  -6.1008408e-01   6.3318549e-01  -3.9716730e-01  -2.4546434e-01   4.2792278e-01   1.2718671e+00
   2.0000000e+00  -3.1818864e-02   1.1889211e+00  -1.0550530e+00  -1.5679934e+00   1.0443882e+00   5.0531187e-02
   2.0000000e+00   8.9316047e-01  -5.7710100e-01   2.3839884e+00   5.5154845e-01   5.1839918e-01   6.4078042e-01
   2.0000000e+00   1.2322429e+00   6.8267426e-01   4.2700748e-01  -1.6368307e-01   2.2699212e+00   7.9353373e-01
   1.0000000e+00  -3.7405339e-01  -4.1173898e-01  -4.0708845e-01  -3.5045553e-01   1.3546050e-01  -7.7681065e-01
   2.0000000e+00  -1.1680766e-01  -2.1620396e+00   1.3995390e-01   9.0730293e-01  -6.7797616e-01   2.3344513e-01
   2.0000000e+00  -1.6676989e-01  -1.5012747e+00   7.2443466e-01   2.6987900e+00  -5.5549668e-01   3.8309472e-01
   2.0000000e+00  -1.5434723e+00  -5.0131840e-01  -1.5121955e-01  -2.7573466e-01   1.3833404e-01   5.5106676e-02
   2.0000000e+00   7.1620654e-01  -4.9644525e-01   7.4415892e-01   1.4974478e-01   1.2387570e+00  -1.2146253e+00
   2.0000000e+00  -1.0935668e+00  -2.2245340e-01   2.3396643e+00  -2.1510052e-01   1.1585341e+00   6.5705741e-01
   1.0000000e+00  -3.7302403e-01   2.6814912e+00  -2.0965477e-01   1.0658656e+00   7.1015437e-01  -7.1637208e-01
   2.0000000e+00   3.4332703e-02   2.4798697e-02   9.4695905e-01   4.3067873e-01  -7.3469799e-01  -1.9098487e+00
   2.0000000e+00   1.8625378e+00  -4.3108298e-01  -5.1881654e-01   9.3756189e-01   1.5666474e-01  -2.0836554e-01
   2.0000000e+00   1.6743028e+00  -1.5676016e-01  -3.9863020e-01  -7.2218943e-01  -8.0080274e-02   2.1593917e-01
   1.0000000e+00  -3.7097417e-01  -3.6799613e-01  -9.1588768e-01   1.3914035e+00   1.2355591e-01   3.5339325e-01
   1.0000000e+00   3.9476537e-01   1.2197533e-01   3.7116328e+00   3.8901045e-01   6.9117609e-01   1.0895776e-01
   1.0000000e+00  -7.8910388e-01   1.8016708e-01   3.9015423e-01   8.3314184e-01   5.7021223e-01  -1.3869245e-01
   2.0000000e+00   2.6847950e-01  -4.3768326e-01   1.2288118e+00  -2.7894945e-01  -1.4483229e-01  -4.5657747e-01
   2.0000000e+00   2.3853764e+00   1.0247224e+00   1.2187745e+00  -1.9751311e-01   4.1139116e-01   5.9090352e-01
   2.0000000e+00  -9.1307959e-02   2.3338826e+00  -1.1052337e+00   3.9411736e-01  -2.4570274e-01  -7.1916484e-01
   1.0000000e+00   1.8242243e-01   1.0691848e+00  -6.4140108e-01   1.5835447e+00   3.6749628e-01  -1.6924925e+00
   2.0000000e+00   5.4168663e-01  -1.0096701e+00  -1.3986505e+00   7.2735284e-01  -2.9691275e-02  -1.2051201e+00
   1.0000000e+00   1.0019492e-01  -4.5591063e-01  -7.2916446e-01   6.8675380e-01   7.1766915e-01   2.1908376e+00
   2.0000000e+00  -1.1035675e-01   1.4331893e+00   2.3896183e+00  -1.0485015e+00  -5.1977740e-01  -8.2366401e-01
   2.0000000e+00   8.9344547e-01  -2.1384365e+00   4.4393405e-01  -4.3959496e-01  -4.8092458e-01  -5.9313143e-01
   2.0000000e+00  -2.6446177e-02   3.3759605e-01  -9.0072166e-01  -6.8765899e-01  -1.3045615e+00  -1.8548489e+00
   1.0000000e+00  -2.8135069e-01  -8.1630475e-02   2.1999097e-01   4.6447200e-01   5.6062724e-01  -9.0294864e-01
   2.0000000e+00  -9.8029152e-02   1.8372142e-01  -1.5170903e+00  -7.2440073e-01   1.1298393e+00  -2.0385274e-01
   2.0000000e+00  -4.9384104e-01   6.8618555e-01   1.5901796e+00  -7.4649757e-01  -2.2913737e+00   6.5189722e-02
   2.0000000e+00   2.1589778e+00   1.8388841e+00  -8.8750615e-01   1.3929695e+00   4.2431183e-01   1.2033378e+00
   2.0000000e+00  -3.7085132e-01   1.5250879e-01  -9.8634956e-01   8.6653777e-01  -6.6404186e-01   1.2672306e-01
   1.0000000e+00   2.4381380e-01   6.6305200e-01  -4.7254138e-01  -4.5787901e-01   9.8748566e-02  -3.7016852e-01
   2.0000000e+00  -1.2141296e+00   6.4370688e-01   1.2447421e+00   5.4501229e-01   3.7595610e-01   9.4043178e-01
   2.0000000e+00  -2.7207464e-01   2.0443896e-01   8.2434410e-01  -2.3137892e+00   1.1987475e-01  -1.3277440e+00
   2.0000000e+00  -4.2008420e-01  -4.6373158e-01  -1.4165891e+00  -1.3652627e+00  -3.1669016e-01  -6.4975816e-01
   2.0000000e+00   7.1604907e-01   1.2111549e+00   1.1255834e+00   7.8183503e-01  -1.2685279e+00  -4.8254358e-01
   1.0000000e+00  -5.0568704e-01  -6.1899620e-02   6.9249937e-01  -2.6682806e-01   7.1921850e-01   9.7048946e-01
   2.0000000e+00  -1.7042678e+00  -2.4257926e-01   1.5022750e+00  -2.1976420e+00  -2.3810458e-01   5.2405002e-01
   2.0000000e+00  -1.7898995e-01   5.3573249e-01   1.6913478e-01   1.2055210e+00  -1.0889118e+00  -6.4178485e-01
   2.0000000e+00  -1.6187752e+00  -6.8014848e-01  -2.0999738e-01  -8.4206377e-01  -4.2621142e-01   1.0857805e+00
   1.0000000e+00  -1.1367264e-01  -1.3810334e+00  -1.2899863e+00   1.6006760e+00   1.3494260e-01  -1.9907139e-01
   2.0000000e+00   1.9879117e+00   6.3689047e-01  -5.3577559e-01  -3.1938080e-01   1.6190924e-01   1.8224101e+00
   2.0000000e+00  -1.1211316e+00  -9.9275766e-01  -4.1718403e-01  -7.5239488e-01  -2.1985171e+00   8.5762963e-01
   2.0000000e+00   1.1425675e+00  -2.8052712e-01  -2.2096345e+00  -2.4315954e+00   1.3997632e+00   5.0750441e-01
   2.0000000e+00  -4.8451319e-01   4.6483939e-02  -5.2776604e-01  -2.8656522e-01  -1.2762414e+00   1.1205609e-01
   2.0000000e+00   8.7020010e-01   1.5016144e-01   6.5220873e-01  -1.4125487e+00  -2.1082674e+00   1.7705332e+00
   2.0000000e+00  -2.3762203e-01  -2.3891073e-01   8.5375312e-01  -7.6062262e-02  -1.2891208e+00  -1.4670587e+00
   2.0000000e+00   1.6527272e-01  -1.0293118e+00  -1.7166179e-01   4.8526537e-01   1.1258209e+00  -9.6211097e-01
   1.0000000e+00   1.6520606e-02   6.1397761e-01   6.3152251e-01  -1.2480080e+00   1.3670701e-01  -9.2528027e-01
   2.0000000e+00  -7.8944536e-01   1.1805307e+00  -1.6650821e+00   1.4662370e-02  -3.9480582e-01   1.2060803e+00
   2.0000000e+00  -3.4671062e-01   5.2404506e-01   9.3588344e-01   7.2243324e-01  -1.1103370e+00   6.7001543e-01
   2.0000000e+00   9.5069407e-02   4.4821176e-01  -2.3845614e-01  -1.4242255e+00  -1.3645101e-01   7.9791258e-01
   2.0000000e+00   3.8112225e-01   6.5610852e-02  -9.6853653e-01  -8.4166263e-01  -2.5971594e-01   2.0620772e+00
   2.0000000e+00   2.8626383e-01  -6.8246343e-01   3.7253998e-01  -2.5458396e-01  -1.2964165e+00  -2.0483222e+00
   2.0000000e+00   7.0835171e-01  -1.4509087e+00   6.7011222e-01   1.4409162e+00   7.8230684e-01   1.3007051e-01
   2.0000000e+00  -8.8181676e-01  -1.8705007e+00  -4.7144129e-01   1.1854398e+00  -3.2059659e-01   1.2898395e-02
   2.0000000e+00   6.6320258e-01   1.2032031e+00   1.1323311e+00   5.9353407e-01   8.3129781e-01   5.6947009e-01
   2.0000000e+00   6.0060787e-01   1.8228765e-01  -6.3824012e-01  -1.1709489e+00  -4.5336569e-01  -5.5079594e-01
   2.0000000e+00  -1.2780313e+00   8.5434799e-01  -8.6589634e-01  -1.1229507e-02  -1.2804425e+00   7.9143636e-01
   2.0000000e+00   1.4968557e+00   7.2744894e-01   6.0103817e-01   2.3520658e-01  -1.9428816e+00   6.6402023e-01
   2.0000000e+00  -2.3351698e-01  -1.0287674e-01   1.7635765e+00  -1.0458290e+00   1.5729150e+00   6.1432479e-02
   1.0000000e+00   3.9040712e-01   8.3762663e-02   3.9019513e-01   3.1523939e-01   8.1468589e-01   1.6307769e+00
   2.0000000e+00  -9.1292835e-02  -2.5373214e-01  -4.3585548e-01  -1.5897676e-01   1.7624359e+00  -8.1252404e-01
   2.0000000e+00  -8.0937072e-02   7.3100738e-01  -9.6628935e-01  -2.6064533e-01   1.7254368e+00  -1.0713374e-01
   2.0000000e+00  -1.1754877e+00  -1.8685057e+00   6.8102208e-02  -4.6109007e-01   3.7468930e-02  -2.3360424e-02
   1.0000000e+00  -2.5182428e-01   3.1203917e-01  -3.8309410e-02  -1.5800342e-01   8.1454664e-01  -8.1849654e-01
   2.0000000e+00  -2.8202727e-01   2.0285423e-01   6.9058424e-02   1.6636415e-02  -6.2342046e-02  -3.3091259e-01
   2.0000000e+00  -2.0144957e-01   4.2651281e-02   4.2001634e-01  -8.3941544e-01  -8.5549215e-01  -1.2615372e+00
   2.0000000e+00  -1.2873331e+00   2.6518204e-01   8.1481689e-02  -2.1043258e+00   6.4880259e-01  -1.7356830e+00
   2.0000000e+00  -1.4615870e+00   1.0848759e-01   6.9956614e-01   2.1780180e+00   2.2809942e-01  -6.4069531e-01
   2.0000000e+00   1.2499346e+00  -2.1138364e+00  -6.2496825e-01   6.1693474e-01   7.7585327e-01  -1.0614934e-01
   2.0000000e+00  -9.5206663e-01   4.4501974e-01   1.2109977e+00  -7.5857292e-01   1.9451436e+00  -1.3612748e+00
   2.0000000e+00  -4.7745746e-01   4.8775304e-01  -1.2477982e+00   3.9647386e-01   1.1256680e+00   7.3729776e-01
   2.0000000e+00   2.4368211e+00  -1.4754802e-02  -6.9847905e-01  -8.6645299e-01  -5.9280415e-02   1.1366873e+00
   2.0000000e+00   7.1134899e-01   1.2442953e+00  -2.4528015e-01  -1.3776680e+00  -2.7476155e-02  -5.9768311e-01
   2.0000000e+00  -6.7297740e-01   2.1822981e-01   1.9067788e+00  -1.8953442e+00  -8.4998313e-01   2.1114400e-01
   2.0000000e+00  -1.1669891e-01   6.0438041e-01   1.2673295e+00   1.5344988e+00  -8.4567603e-01  -3.3357084e-01
   2.0000000e+00   1.6392198e+00   4.0158109e-02  -2.2156612e+00   5.3675664e-01   1.0724088e+00   1.8989803e-01
   2.0000000e+00  -2.1563905e+00  -1.1314585e+00  -7.0831738e-01  -2.8013852e-02   1.8009100e+00   5.6904837e-01
   2.0000000e+00  -1.2859867e-01   3.0107852e-01  -1.7445692e+00  -1.6396331e+00  -7.0043512e-02  -5.2438644e-01
   1.0000000e+00  -4.6691100e-02   2.1394352e-01  -7.6986029e-01   7.6466528e-01   5.3262649e-01   1.0364619e+00
   2.0000000e+00  -2.2914170e-01  -1.1528726e-01   1.0845351e+00  -2.6084523e+00   9.8138870e-01  -8.3208745e-01
   2.0000000e+00  -1.4290585e+00   4.6493438e-01  -1.9620238e+00  -3.7635095e-01  -9.9613136e-01   3.2323558e-01
   2.0000000e+00   9.1625974e-01  -2.6526691e-01   3.6512141e-01   1.0450465e+00   1.9568047e+00  -9.9419817e-03
   2.0000000e+00  -7.0488260e-01   9.8179502e-01  -8.8511092e-02  -1.2148572e+00  -2.0870499e+00   1.2297230e+00
   2.0000000e+00   1.7190228e+00  -5.8066428e-01   1.2495823e+00   1.1486338e+00   1.3768017e+00   1.1043035e-01
   1.0000000e+00  -2.3771021e-01   1.0015211e+00  -4.6853252e-01   1.7663310e-01   8.0661738e-01   9.8379881e-01
   2.0000000e+00   6.1152530e-01   1.3577560e+00  -5.2660771e-01   1.3385977e+00   1.7808151e+00  -5.2794357e-01
   2.0000000e+00  -1.1398969e+00  -3.4346468e-01   4.3059294e-01  -1.9770105e+00   6.9847903e-01   2.6680255e-01
   2.0000000e+00   2.7057289e-01  -1.8493422e+00   3.2087544e-01   8.2286591e-01  -1.3662655e+00  -4.8198192e-02
   2.0000000e+00  -2.1118928e-01  -1.8076340e-02  -3.5355524e-01   1.5946483e+00   1.4826279e+00  -1.9273288e+00
   2.0000000e+00  -2.5159534e-03   4.3225259e-01   1.5117534e+00  -1.0565635e+00   1.2507615e+00  -2.2250589e-01
   2.0000000e+00  -1.6416630e+00   2.7804256e+00   1.9822437e-01   1.2262006e+00   7.6377469e-01  -9.6084547e-01
   2.0000000e+00   2.3182172e-01  -1.2311680e-01   1.7230130e-01  -2.9362171e-01  -1.2089000e+00  -2.1484566e+00
   1.0000000e+00   2.7971555e-02  -7.4539417e-01   2.2026347e-01   1.1699824e+00   6.0127635e-01  -6.7426651e-02
   2.0000000e+00   5.8109285e-01   3.9015224e-01   2.1094828e-02  -6.6554732e-01   1.5535025e+00  -5.6288762e-01
   1.0000000e+00   4.8550065e-02   7.2171553e-01   5.8666593e-02  -5.7841070e-01   7.6709447e-01  -6.9197134e-01
   2.0000000e+00  -1.3384197e-02  -1.8156051e+00  -2.1866142e-01  -1.3128074e-01  -4.7057868e-01  -1.6554668e-01
   2.0000000e+00  -1.1820159e+00   3.4032041e-01  -1.3359414e+00   8.8938330e-01   1.4858047e-01   2.0076280e+00
   2.0000000e+00  -1.1660813e+00   7.4883623e-01  -4.5411506e-01   4.3679462e-01  -7.4682305e-01   6.5865766e-02
   2.0000000e+00   5.4009476e-01   6.9343970e-02   2.3880206e-01  -1.2239547e+00  -1.3323596e+00   6.3273240e-01
   2.0000000e+00   2.0429564e+00   7.1982330e-02  -4.2839881e-01  -2.3209064e-02   2.2464921e+00   2.4929504e-01
   2.0000000e+00   1.3334097e+00   1.3113853e-01  -2.8989016e-01  -7.5768257e-01  -1.0479964e+00  -6.9886314e-01
   2.0000000e+00  -7.2277409e-01  -7.8376459e-01  -2.5352774e-01  -1.0758499e+00   7.4284670e-01  -1.2067307e-01
   2.0000000e+00  -1.4443575e-01  -7.5697899e-01   4.2605754e-01   1.0736296e+00  -1.3412583e+00  -2.0027323e+00
   2.0000000e+00   6.3950656e-01  -8.7583259e-01  -6.6059550e-01   4.6946351e-02   1.3592708e+00   1.1600643e+00
   2.0000000e+00  -7.1783189e-01  -1.0401438e+00  -6.8890284e-02  -5.3217718e-01   1.5383751e+00   1.9089511e+00
   1.0000000e+00  -1.0973947e-01   6.0853407e-01  -5.9693042e-01  -5.9625025e-01   4.8844801e-01  -7.2361051e-01
   2.0000000e+00  -1.3839596e+00   1.4425100e+00   4.9261723e-01  -5.9113851e-01  -5.4825564e-01   1.0520055e+00
   2.0000000e+00   6.4638329e-01  -3.1200392e-01   1.7626230e+00   2.2381155e+00  -8.8296520e-01  -4.9584616e-01
   2.0000000e+00   7.0180839e-01  -7.4916721e-01   3.4409280e-01   1.2176793e+00  -4.5508068e-01   3.9313720e-01
   2.0000000e+00   1.5623421e-01   1.2580619e+00  -6.4944130e-02  -3.0622245e-01  -4.2907253e-01   6.2983669e-01
   2.0000000e+00  -8.8257600e-01  -2.2759464e+00  -5.2704917e-02  -1.6253136e-02  -8.1515362e-01   1.7743434e-01
   2.0000000e+00   2.7293898e+00  -6.8443502e-01   6.8556940e-01   4.9447546e-01  -2.0909479e+00  -3.5361346e-01
   2.0000000e+00  -4.6972647e-01   1.8374614e+00   5.8670674e-01  -4.3833569e-02   1.4235009e+00  -1.3516650e+00
   1.0000000e+00   3.8817539e-03  -1.1268988e-01  -1.8633829e-01   1.8431213e+00   9.0936295e-02   6.6042503e-01
   2.0000000e+00  -2.3432536e-01   5.3781148e-01  -7.4812271e-01   1.6809936e-01  -3.6506897e-02   2.0412651e-01
   2.0000000e+00  -5.3781025e-01   4.3436766e-01  -1.5710268e-01  -5.5658031e-01  -1.6551015e+00  -2.3752636e+00
   2.0000000e+00   2.9188794e-01   1.3889281e+00  -1.4141378e+00  -4.0672396e-01  -5.6895943e-01   2.5065450e-01
   1.0000000e+00   4.6811419e-01   2.8773117e-01   1.5284874e+00  -3.2677860e-01   8.5612830e-01   1.5841907e+00
   2.0000000e+00  -1.0204024e+00   1.6457175e+00   3.1181621e-01   1.6049600e+00   4.5348176e-01   1.4105872e+00
   2.0000000e+00   8.8576016e-01  -4.8424438e-01  -2.3268135e+00   3.7064680e-01  -1.2343674e+00  -1.0020822e+00
   2.0000000e+00   1.2856616e-01   7.6418905e-02  -8.5762602e-01  -4.3209131e-01  -7.0242797e-01  -4.3708084e-02
   2.0000000e+00  -1.3085314e+00  -9.2942495e-01  -3.4628680e-01  -1.2043724e+00  -1.1108559e+00  -1.6496004e+00
   2.0000000e+00  -2.8688915e-01  -5.1009151e-01   2.8879515e-01  -1.5072879e+00   1.7427306e+00  -1.2658502e+00
   2.0000000e+00   8.7803868e-01   1.0462082e+00  -9.4452639e-01  -2.2401572e+00   1.1990924e-01   2.2483167e-01
   2.0000000e+00   1.2896356e-02  -5.1704012e-01  -5.9169955e-01   8.8576448e-01  -3.3741906e-01  -5.0973060e-01
   2.0000000e+00   4.4760515e-01  -7.7569372e-02   4.3144427e-01   3.0343103e-01  -8.9738766e-01  -8.7508186e-02
   2.0000000e+00   1.8624335e-01  -3.9178875e-01   1.8336100e-01   9.4380394e-01  -6.3792003e-01   2.5091816e-01
   2.0000000e+00   1.4238640e+00   5.0413426e-01   6.7418733e-01   4.6642476e-01   3.0179395e-01  -3.0925851e-01
   2.0000000e+00  -7.5275751e-01  -4.7141234e-01  -4.8871882e-01   9.1298152e-01  -4.9821291e-01   8.1987622e-01
   2.0000000e+00   1.4147151e+00   2.6049518e-01   2.1599000e-01  -7.0898660e-01   9.4267864e-01  -1.7281699e+00
   1.0000000e+00  -4.4713719e-02   6.1587481e-01  -7.0440432e-01  -4.5776896e-01   4.6321130e-01  -7.6624775e-01
   2.0000000e+00  -7.1596756e-01  -3.5121518e-01   5.9370140e-01   5.3349441e-01  -9.9599921e-03  -2.2773022e-01
   2.0000000e+00  -3.0197961e-01  -6.6499027e-01   9.8699008e-02   3.4516820e-01   1.4735491e+00  -4.0689349e-01
   2.0000000e+00  -6.8904535e-01   9.7176861e-01   1.0804836e+00  -1.2987857e+00  -4.1784892e-01   1.0570214e+00
   2.0000000e+00  -4.5653392e-01  -1.2880100e+00   2.5180996e+00   5.5787563e-01  -8.0603148e-01  -1.0560310e+00
   2.0000000e+00  -4.4065727e-01  -2.6121373e-01   1.2772739e+00  -5.9123027e-01   1.1771233e+00   1.1480087e-01
   2.0000000e+00  -4.0110466e-02   2.9150157e-01   1.0524268e+00  -1.4092567e+00  -5.4785730e-01  -4.7167279e-01
   2.0000000e+00   9.3114782e-01   9.8791375e-01   1.5076048e+00   1.5089435e-01   7.3543391e-01  -3.7003759e-01
   2.0000000e+00   3.1907433e-01   2.2524830e-01  -9.4001234e-01  -3.2234504e-01  -1.3626871e+00  -1.7557021e+00
   2.0000000e+00  -1.4076562e+00   7.6081001e-02   1.8043426e+00  -7.1743996e-01  -5.7114774e-01   9.8211705e-01
   2.0000000e+00   4.0688376e-01   3.0829882e-02   5.6654662e-01  -9.1372204e-01   1.4756112e+00  -1.0411508e+00
   2.0000000e+00  -5.0888928e-01  -1.2124578e+00   1.9834695e-01  -8.2366732e-01  -1.7406968e+00  -9.4633903e-01
   2.0000000e+00  -2.0794799e+00  -1.1642322e+00   2.6784349e+00  -9.7659680e-02  -1.3847423e+00   9.5050356e-01
   1.0000000e+00   6.1608027e-01  -9.3342032e-01  -4.5948151e-01  -1.0285352e+00   6.9816727e-01   1.1558026e+00
   2.0000000e+00   1.5570061e+00  -2.5252554e-01  -5.3799793e-01   3.1777165e-01   1.3428417e+00  -2.2360933e+00
   1.0000000e+00  -1.7270643e-01  -1.7238530e-01   7.2659566e-02  -5.8800737e-01   1.4986244e-01   1.3174347e+00
   2.0000000e+00  -3.0486994e-01  -1.7331072e-01   1.4363414e+00   2.2259522e-02  -2.8571555e+00   9.5047397e-02
   2.0000000e+00   2.3131456e+00  -1.0283020e+00  -5.8624491e-01  -5.6014953e-01   1.3027765e+00  -1.4003086e+00
   2.0000000e+00  -1.0327996e+00   5.1919588e-01  -3.0699483e-01  -9.4994636e-01   1.1906435e+00   1.8034906e-01
   1.0000000e+00   9.0144853e-01   6.0897303e-02  -1.1003922e+00  -2.8413086e-01   1.9646617e-01   1.0502452e+00
   2.0000000e+00  -1.0602865e+00  -5.5023833e-01   1.8410144e+00   4.8365150e-01   2.3385604e+00   1.7647417e-01
   2.0000000e+00   1.5464230e+00  -1.5490398e+00   5.8015312e-01   1.4781444e+00   1.7945091e+00   4.4408374e-01
   2.0000000e+00   1.1791516e+00   3.8656110e-02  -8.0132990e-02   8.4006412e-01   1.5249058e-01   1.3930693e+00
   2.0000000e+00  -1.2752710e-01   2.6690372e+00  -9.9894568e-01  -2.5051053e-01  -1.1858844e+00   1.0526734e-01
   1.0000000e+00   8.7756117e-01   1.7286569e+00  -1.6067916e-01  -8.9239504e-01   2.2583028e-01   2.4413315e-01
   2.0000000e+00   6.2658565e-01  -1.3991959e+00  -6.0892323e-01   6.3454240e-01  -7.4255119e-01  -1.8730523e+00
   2.0000000e+00   5.5652080e-01  -2.3933169e-01   1.4198210e+00   4.2180738e-01  -3.7405478e-01   8.0243426e-01
   2.0000000e+00  -1.5526517e+00   2.6901300e-01   3.5657829e-01   7.5713714e-01  -1.1739783e+00  -6.6487410e-01
   2.0000000e+00  -8.3068155e-01   9.4236874e-01   9.2594768e-01  -2.5501958e-01  -8.5706770e-03  -1.2045464e+00
   2.0000000e+00  -5.0102713e-01  -1.2778157e+00  -1.7970666e-01   9.1726653e-01   1.8336141e+00  -4.2708581e-01
   2.0000000e+00  -4.1064700e-01   1.2767852e+00  -1.4480642e+00   3.7336192e-01  -1.1936688e+00   2.2574991e-01
   2.0000000e+00  -1.9257732e+00   6.7497888e-01   6.0633137e-01   1.0090617e-01   1.5683899e+00   1.0281637e+00
   2.0000000e+00  -1.6456797e+00  -1.5928410e-02   6.9611462e-01   3.4634837e-01   1.0199829e+00  -9.0990897e-01
   2.0000000e+00  -1.3878203e+00   9.7634698e-01   5.6597671e-01  -2.1283051e-01  -5.4809849e-01  -1.4309872e+00
   2.0000000e+00   3.8091004e-01   9.7644979e-02  -2.0540025e+00  -7.6386351e-01   1.1204634e+00   2.3617953e+00
   2.0000000e+00   3.4892808e-01   1.5172359e-01  -9.6624102e-01   3.3576104e-01  -5.3605014e-01   1.5678801e-01
   2.0000000e+00   3.4165740e-02   7.3723955e-01  -1.0958798e+00   5.2576098e-01  -5.3604294e-01   2.8058652e+00
   2.0000000e+00   2.2079606e-01   2.0832353e+00   4.9288360e-01  -1.4573954e+00   1.2218358e+00   8.9989460e-02
   1.0000000e+00   3.1065450e-01   1.1024134e+00  -1.7465596e+00  -2.1245100e-01   6.5515392e-01  -5.9387831e-01
   2.0000000e+00   6.9289622e-01   1.4230652e-01  -1.2507297e-01  -3.1408016e-01   1.1525902e+00  -2.1810911e+00
   1.0000000e+00  -6.8156835e-01   6.4987486e-01   2.2053470e+00  -8.0908433e-02   2.9617046e-01  -1.8539527e+00
   2.0000000e+00  -7.8045558e-02   9.0114233e-03   2.7199817e-01   5.9210334e-01  -8.4213404e-01   9.9746166e-01
   2.0000000e+00   1.9757461e+00   9.9600141e-01   6.3580108e-01  -3.0554030e-01   1.4102500e+00  -5.5106868e-01
   2.0000000e+00   1.8622213e+00   7.1496988e-01   3.3265877e-01  -3.7797370e-02  -1.1408255e+00   1.5543315e+00
   2.0000000e+00  -1.0738628e+00  -2.3892549e-01   8.0006973e-01  -7.1354642e-01   2.0129869e+00  -4.9626832e-02
   1.0000000e+00   6.0357775e-01   2.7998145e-02  -1.7472133e+00   1.2034007e+00   3.1603305e-01  -1.3018781e+00
   2.0000000e+00  -8.9960643e-01   5.1715650e-01  -1.5250675e+00   7.5188977e-03   6.6754938e-01  -4.4258998e-01
   2.0000000e+00  -1.3820847e+00   7.7047801e-01  -5.3109199e-01   5.5243901e-01  -7.3967057e-02   1.4893157e-01
   2.0000000e+00  -1.1113970e+00  -4.7159633e-01   1.8737356e+00   9.7512283e-01  -3.5214002e-01  -1.1671124e-01
   2.0000000e+00   8.5939966e-01   1.0309511e+00   9.4142467e-01   1.0251463e+00   2.0504044e+00  -6.3962012e-01
   2.0000000e+00   1.6700624e+00   7.1204559e-01  -1.2704211e+00  -2.5748635e+00  -3.0070986e-02  -1.3297717e+00
   2.0000000e+00   9.8688789e-01   5.3037927e-01   1.0641071e-01  -1.1674435e+00   2.4892100e+00  -5.1400918e-01
   2.0000000e+00   1.8900912e+00  -4.0236530e-01   6.5154539e-01   1.2815977e+00   1.2090972e+00   1.6847298e+00
   2.0000000e+00   1.5996143e+00  -5.7382803e-01   1.0244551e-01  -2.3906381e-01  -3.4102930e-01  -3.1054269e-02
   2.0000000e+00   1.0529750e+00  -5.7619355e-01  -1.4586953e+00   9.9891996e-01   1.3899540e+00   5.0247979e-02
   2.0000000e+00  -1.0771555e+00  -3.5796223e-01  -5.7076149e-01  -9.0136926e-02  -7.0512369e-01  -2.2115477e-01
   2.0000000e+00  -3.0952973e-01  -3.1928599e-01  -2.4196957e-01   2.4063447e-01  -1.4979634e-01  -4.4663552e-02
   2.0000000e+00   8.4000256e-02   6.2060768e-01   1.1643132e+00  -1.3332539e+00  -4.4410721e-01   7.6433032e-01
   2.0000000e+00  -4.6213421e-01   8.2026338e-01  -1.0825856e-01   2.0331368e+00  -1.1029117e+00   6.2201918e-01
   2.0000000e+00  -9.6759477e-01   1.4188151e+00  -2.1062007e-01  -1.1502369e+00  -4.3517118e-02   2.5531834e+00
   1.0000000e+00   7.2963465e-01  -3.0114129e-01   1.3439640e+00   6.1953616e-01   3.7211549e-01  -4.2530176e-01
   2.0000000e+00   1.0483319e+00  -6.5095988e-01   3.1632211e-01  -1.1170159e-01  -1.3764141e+00  -7.2367364e-01
   2.0000000e+00   7.9136515e-01  -2.3040202e+00   7.6738556e-01  -1.5531509e+00  -6.8603964e-01  -2.0520632e-01
   2.0000000e+00  -7.7686472e-01  -1.0395170e-01   5.1684720e-01   1.3921495e-01   1.9568964e+00   1.5772030e+00
   1.0000000e+00  -5.6700154e-02  -5.0773739e-01   1.8749900e+00  -1.3273425e+00   9.7002479e-01  -1.7551361e-01
   2.0000000e+00  -1.2727109e+00   2.4322607e+00   3.0472846e-01  -1.7718123e-01   5.6816162e-01  -4.9209616e-01
   2.0000000e+00   1.3119977e+00  -2.4545241e-01   1.4115702e+00  -5.6629025e-01   7.6236998e-01  -4.7536585e-01
   1.0000000e+00  -8.6274293e-01   4.5076886e-01   1.3501360e+00   1.0006243e+00   3.5614931e-01  -9.8664702e-01
   2.0000000e+00   4.3149036e-01  -4.2035503e-01   1.7476540e+00  -1.3757389e-01  -1.5382534e+00  -2.8503604e-03
   2.0000000e+00   5.8681987e-01   1.9320189e-01   8.9244103e-01   2.7611370e+00  -1.1375020e+00  -2.1540087e+00
   1.0000000e+00   1.3830405e-01  -5.9348513e-01  -2.7816440e-01   9.7074520e-01   6.0352561e-01   1.4727736e-02
   1.0000000e+00  -8.2855370e-02   1.1538062e+00   1.6714276e-01   7.4630606e-01   4.0149406e-01  -1.6962948e-01
   2.0000000e+00   4.9703515e-01   1.8661693e+00   4.4227610e-01   1.8335370e-01  -8.1552698e-01  -8.6756490e-01
   2.0000000e+00  -9.6477054e-01   3.7266906e-01  -2.0837210e+00  -1.1680708e+00  -1.3532956e+00  -1.6568378e+00
   2.0000000e+00  -1.7637831e-01   2.8554602e-01  -3.2269843e-01  -1.3934481e-01  -1.9344313e-01  -2.6969370e-01
   1.0000000e+00  -7.1402456e-01  -2.7331905e-01   1.0210878e+00   1.3606100e+00   4.2528396e-01  -1.9774516e+00
   2.0000000e+00  -1.9693232e+00  -8.7772424e-02   2.8767682e-01  -2.0262714e+00  -3.4311774e-01  -7.9191082e-01
   2.0000000e+00   9.1263363e-01   2.0598144e+00   6.5160547e-01   5.3196756e-01   5.8617523e-01   9.1986701e-01
   2.0000000e+00   4.1920605e-03  -8.8196428e-01  -8.5227838e-02   4.0897907e-01  -1.6507256e+00  -2.1452930e-01
   2.0000000e+00  -8.8562056e-01  -1.4344201e-01  -1.1999633e+00  -2.0217819e+00   1.6958565e-01  -5.2606850e-01
   2.0000000e+00   1.2085338e+00   9.5486382e-02  -5.3152140e-01   3.6687919e-01  -6.3993813e-01  -1.0504407e+00
   2.0000000e+00   8.5599674e-01   1.1388968e+00   1.1763087e+00  -7.2893472e-01  -1.6646348e+00  -8.2709923e-01
   2.0000000e+00   8.6874352e-01   1.5226934e+00  -6.1536622e-01  -4.0431452e-01   1.6986317e+00   2.4223564e-01
   1.0000000e+00  -1.9056700e-01  -4.5402959e-01   3.3337913e-01  -4.8859774e-01   3.5836941e-01  -9.0264992e-01
   1.0000000e+00   7.6104418e-01  -1.0128361e+00   2.3521097e-01   4.7192555e-01   8.1242088e-02   8.7949518e-01
   2.0000000e+00   8.6720410e-01  -1.9135556e+00   1.9640872e+00  -5.2801977e-01  -5.8748358e-01  -6.7259919e-01
   2.0000000e+00  -6.6975247e-02  -4.1423153e-01  -1.0510788e+00  -1.1306501e+00  -1.8840472e-03  -2.9973558e-01
   1.0000000e+00  -3.8918821e-01  -1.5040633e+00  -9.3031714e-01  -9.7667332e-01   1.6983487e-01   7.8181854e-02
   2.0000000e+00   8.3403685e-01  -2.6182929e-01   1.5294629e+00   2.5944056e+00  -1.3124860e+00   4.3207085e-01
   2.0000000e+00   1.0595503e+00  -4.8694840e-01   1.7887599e+00   1.7217229e-01   3.8088459e-01   5.0129435e-01
   1.0000000e+00  -6.6135352e-02  -2.7015730e-01  -5.4637915e-01  -7.6063624e-02   9.7241239e-01  -1.6795597e+00
   2.0000000e+00  -1.1982099e+00   5.9557073e-01   4.7261825e-01  -5.2136269e-01   4.5445419e-01  -1.6868996e+00
   2.0000000e+00  -2.4245628e-01  -4.1472312e-01  -1.1101996e-01  -3.2559998e-01   1.5095665e+00  -7.9311175e-01
   2.0000000e+00   1.1112047e+00   3.5496183e-01  -1.9507682e+00  -1.1152447e+00  -9.7844943e-01  -1.1052527e+00
   2.0000000e+00   1.0261408e+00   3.9859902e-02  -4.4886814e-02   8.8093602e-01   6.7565381e-01  -9.9812262e-02
   1.0000000e+00  -4.3572094e-01   9.4781971e-01  -1.7499540e-01  -1.3347026e+00   5.6225966e-01   7.0403820e-01
   2.0000000e+00  -1.4573857e+00   1.7368253e+00  -8.9640856e-01   2.0141778e-01  -1.9739552e-01   1.7877982e+00
   1.0000000e+00  -3.5736755e-01  -2.6185033e+00  -6.3015821e-01   5.7152741e-01   1.1853556e-01  -5.8306964e-01
   2.0000000e+00  -1.0017796e+00  -6.2717478e-01   4.1865509e-02   4.2075595e-01  -4.5862872e-01  -3.9336803e-02
   2.0000000e+00  -5.5101264e-01  -1.9523697e+00   4.4571988e-01   9.9119640e-01  -1.7755380e+00   3.3122210e-01
   2.0000000e+00   1.0584226e-01  -4.6520917e-02  -6.5816577e-01   9.8721389e-01  -1.9393800e+00   7.9264776e-01
   2.0000000e+00  -3.7874382e-01  -7.4869188e-01  -9.8547977e-01  -8.0252895e-01  -2.7590815e-01   7.5810823e-01
   1.0000000e+00  -8.3888554e-01   1.5843623e-01  -1.2297923e+00   7.1802908e-01   8.1419178e-02  -4.7773557e-01
   2.0000000e+00  -1.4481730e+00   2.4607979e-01   4.7943193e-01  -8.6434413e-01   8.5346658e-01  -7.7804164e-01
   2.0000000e+00  -1.1496376e+00   4.9258618e-01  -8.3102151e-01  -2.1903364e-01   7.0228631e-01  -5.0839533e-01
   2.0000000e+00   2.3020502e-01   8.2397762e-01  -1.6186499e+00  -1.4801327e-01  -3.1564302e-01   7.0688573e-01
   2.0000000e+00  -6.2511194e-01   9.5856914e-01  -8.0000441e-01  -4.7411123e-01  -3.6291396e-01  -4.6324758e-01
   2.0000000e+00  -1.4436577e-01   2.0680330e-01  -1.7248709e+00  -2.3808157e-02  -1.6141853e+00   1.3095171e-01
   2.0000000e+00   3.0299053e+00  -4.4013109e-01   1.4130781e+00  -2.6815667e-01   7.6961773e-01  -1.2649387e+00
   2.0000000e+00   1.4210051e+00   1.2849911e+00  -1.3157727e+00  -8.4015729e-01  -9.3512862e-01   3.3264390e-01
   2.0000000e+00   4.8517320e-01   1.8347510e+00  -7.8376742e-01   9.4933890e-01   1.0775434e+00   7.0602294e-01
   2.0000000e+00  -7.3824208e-01   1.5708217e+00  -8.4930824e-02  -1.7303618e+00  -1.1268625e+00  -8.1958620e-01
   2.0000000e+00  -6.7643204e-01   7.3106262e-01  -2.2697311e-01   7.1450968e-02  -3.7074006e-01  -1.2428321e-01
   1.0000000e+00  -6.7910133e-01  -6.1574347e-01  -4.1722967e-01  -2.5698438e-01   1.3168286e-01  -5.0243807e-01
   2.0000000e+00  -4.2841716e-01   3.8312067e-01  -5.1239404e-01   6.8154467e-01  -1.7656382e+00   2.8990043e-01
   2.0000000e+00  -8.5013326e-01   1.8611823e+00  -1.1841479e+00  -6.4079732e-01  -5.6940635e-01  -5.8951780e-01
   2.0000000e+00   4.4050012e-01   3.4752346e-01   2.2479033e-01   8.5443328e-02   1.5145833e+00  -1.0709303e+00
   2.0000000e+00  -1.9538011e-01  -2.1972943e-01  -1.1572452e+00   1.7299354e+00  -1.8481358e+00  -7.2166138e-01
   2.0000000e+00   1.2353952e+00  -1.4629930e-01   5.6656588e-01   1.6589677e-01   2.9118464e-01   2.5843379e-01
   2.0000000e+00   1.9628864e-02   5.6472666e-02   1.0378917e+00   2.3569698e-01  -4.1349938e-01  -3.2218621e-01
   2.0000000e+00   6.1802146e-01  -2.0794024e-01   9.1801807e-01  -1.2269708e-01  -1.6063473e+00  -9.4480199e-01
   2.0000000e+00  -3.6464769e-01   3.2368562e-01  -4.7549240e-01  -4.0507775e-01  -1.0325455e+00  -1.7476452e+00
   1.0000000e+00  -3.8027112e-01   8.2675170e-01  -2.0916129e+00   1.1605501e+00   7.0811012e-02   3.4983444e-02
   2.0000000e+00   1.7627645e+00  -1.7189177e+00   5.9935517e-01   4.4955771e-02  -5.1676334e-01  -1.1780494e+00
   1.0000000e+00  -2.9177447e-01  -1.1523051e+00  -5.5805667e-01   9.9248237e-01   3.0877389e-01  -1.1071116e+00
   2.0000000e+00   5.1989024e-01  -7.8655074e-02   1.4255534e+00   9.2860039e-01  -1.3732846e+00   4.0618455e-01
   2.0000000e+00   1.1628966e+00  -5.0709486e-01   2.6441211e-01  -1.8713468e+00   6.0803358e-02  -2.8814918e-01
   2.0000000e+00   4.2012195e-01  -9.7260814e-01   1.4117991e+00   1.1714623e+00   1.1312404e+00   1.0030222e+00
   2.0000000e+00   2.6306185e-01  -1.7637926e-01  -3.3680973e-01   6.4062605e-01  -4.0572187e-01   1.0212409e+00
   2.0000000e+00   7.8126982e-01   1.4574884e+00   2.0420155e-02   1.2734254e+00  -4.7478857e-01   1.1503247e+00
   2.0000000e+00   3.3402572e-02  -8.5477269e-01  -8.0816885e-02  -6.3770323e-01  -1.2088953e-02  -1.4216122e+00
   1.0000000e+00   5.1337977e-02  -2.9402014e-01   1.0468882e+00   4.1365578e-01   1.5955915e-01  -2.6114137e-01
   2.0000000e+00   1.4242364e+00  -1.0422054e-01   1.4710672e+00   4.9052053e-01   1.5380253e+00  -1.6214378e+00
   2.0000000e+00  -1.9928002e+00   9.7649196e-01   9.7297915e-03  -1.3756472e-01   1.1703264e+00   6.9515682e-02
   2.0000000e+00   2.3192788e-01   1.0814625e+00  -1.5952215e-01  -1.8590998e-01  -5.1955062e-01  -1.0444072e-01
   2.0000000e+00   4.3112950e-01   9.4115526e-01  -9.4162479e-01   1.3180787e+00  -1.2999177e+00   1.2124745e-01
   2.0000000e+00  -1.4097048e+00   1.8176175e+00   1.0303339e+00  -3.9010235e-02   9.5648017e-01   1.5357217e+00
   2.0000000e+00   9.3270065e-01  -1.4608956e+00   1.7772262e+00  -1.1323336e-01  -1.4863636e+00   1.9434149e+00
   2.0000000e+00   5.0263184e-01  -8.2934166e-01   1.5060220e+00  -1.5947969e+00   1.6564573e+00  -7.0351862e-01
   2.0000000e+00   1.0874444e+00   5.7294182e-01  -3.3947767e-01  -3.0691862e-01   1.6555219e+00   1.0964358e+00
   2.0000000e+00   3.6069123e-01   1.4830081e-01  -5.8948163e-01  -1.3723241e+00   1.1469735e+00   1.0659403e+00
   2.0000000e+00  -6.5059193e-01   1.3034571e+00   4.2886259e-01   7.6175658e-01   9.7702867e-01   1.0471466e+00
   1.0000000e+00  -6.4125673e-01   2.6050608e-01  -3.0710432e+00  -4.0561857e-01   5.2631044e-01   1.0919291e+00
   2.0000000e+00  -2.2961356e-01  -6.1229345e-01   3.6681257e-02   7.4498094e-01   1.5229187e+00  -1.2324757e+00
   2.0000000e+00  -1.2062004e+00  -6.0276601e-01  -1.2738753e-01   2.2500909e+00   1.9379965e+00  -1.6019250e+00
   2.0000000e+00   1.7738714e+00  -1.8487895e+00   9.9673000e-01  -1.5628979e+00   7.0965835e-01  -9.3612344e-01
   2.0000000e+00   1.0735220e+00  -1.9697015e-01   3.5523898e-01  -9.8524805e-01   2.4834143e+00   9.4218567e-01
   2.0000000e+00   5.7036258e-01   4.9927407e-01   1.2117009e-01  -1.3415000e+00  -2.8618859e-01  -1.1298736e+00
   1.0000000e+00   6.8574035e-01   2.9267118e+00   1.2447734e-01   2.0657360e-01   5.7255077e-02   3.6819198e-01
   2.0000000e+00  -2.3876107e+00  -9.3114557e-02  -4.8035966e-01  -1.0723273e+00  -1.0356455e-01  -6.9883335e-01
   2.0000000e+00   1.1536537e+00  -1.4410791e+00   3.5285702e-01  -1.1422038e+00   7.6330326e-01   1.9703310e+00
   2.0000000e+00   1.8290689e+00  -1.7658427e+00  -2.3008054e-01  -1.5692395e+00  -3.2581323e-01   2.1886462e-01
   2.0000000e+00  -1.2934681e-01   2.3747612e+00   6.9659940e-01   3.6218679e-01  -1.4611964e+00  -4.4644576e-01
   2.0000000e+00   1.2775008e+00   1.1882354e+00  -4.7252084e-01   4.1756978e-01   8.9577502e-01   7.2765708e-01
   2.0000000e+00  -1.2161654e+00  -3.7964739e-01  -5.5549861e-01   1.4752842e+00   7.5192249e-01   3.9320142e-01
   2.0000000e+00  -1.5474989e+00  -5.8269626e-01   1.5016051e+00  -3.0079153e-01   1.4261178e-01   2.2414641e+00
   2.0000000e+00   5.9349689e-02  -1.8623734e+00  -1.5652269e+00   1.4238411e+00  -1.7265423e+00  -8.4011199e-01
   2.0000000e+00   3.9049232e+00   2.3630076e+00   4.1241683e-01  -1.1206692e+00  -4.9056774e-01  -9.0533426e-01
   2.0000000e+00  -4.7786940e-01   7.1139643e-01  -1.2970284e+00  -2.4217358e+00   1.8147602e-01  -7.4948734e-01
   1.0000000e+00   4.8578241e-01  -5.3600104e-01   1.9379577e+00  -6.6469199e-01   2.9358874e-01  -7.6682981e-01
   2.0000000e+00  -4.4941631e-01  -3.3974340e-01  -1.1900699e+00  -1.0459972e+00  -1.4902572e-01   4.7221241e-01
   1.0000000e+00   5.7385970e-02  -5.3681204e-01   4.1270312e-01   3.9133034e-01   3.7648236e-01  -1.8500616e-01
   1.0000000e+00   1.9502859e-01   1.0036102e+00   1.9154527e-01   3.6257676e-01   4.5185304e-01  -5.7193975e-01
   2.0000000e+00  -1.4082816e-01  -1.8871485e-02  -5.7023710e-01   1.8469169e+00  -2.3134951e-01   1.6726850e+00
   2.0000000e+00  -1.1406738e-01   4.9937420e-02  -1.1888867e+00  -5.2993073e-01  -5.4354794e-01  -4.7976065e-03
   2.0000000e+00   1.1583375e+00   1.0278746e+00  -2.4426121e+00  -3.8735378e-01  -9.4151039e-01  -1.1490048e+00
   2.0000000e+00   6.3547983e-01  -1.4028432e+00  -5.0441198e-01   8.5563858e-01   1.0571431e+00   1.0420178e+00
   2.0000000e+00   9.7630950e-01  -2.7731983e-03  -1.1111966e+00  -3.3704118e-02   3.4041090e-01  -9.3438576e-01
   2.0000000e+00  -5.7662424e-01  -7.7522454e-01   5.5478561e-01   1.3019880e-01  -2.9142262e-01   8.3263151e-01
   2.0000000e+00   1.3841120e-01  -2.9825885e-01   2.9264272e-01   3.0546402e-01  -5.5294007e-01  -1.1178269e+00
   2.0000000e+00  -2.9856287e-01  -8.4571965e-01   6.3663980e-01   2.7525888e-01  -6.2318306e-01   4.2109619e-01
   2.0000000e+00   2.1006860e-01  -7.1331992e-01   7.3749624e-01   2.0002119e+00   2.0485054e-01  -2.3811824e+00
   2.0000000e+00  -1.2499902e+00   9.5796480e-01  -1.1632725e+00   6.4350816e-01  -2.5723536e+00  -2.5283380e+00
   2.0000000e+00  -1.1286410e+00  -2.9811368e-01  -6.1441083e-01   1.2910139e+00  -1.2938727e+00   1.1618620e+00
   2.0000000e+00   1.0644565e-01  -1.8160177e+00  -1.4355496e-01   1.2134828e+00  -7.2485677e-01  -1.2092084e+00
   2.0000000e+00   1.4147761e-01  -1.7477691e-01  -1.0993385e+00   1.5030882e+00   1.2698008e+00  -1.5832355e+00
   2.0000000e+00  -7.1701880e-01   6.7526625e-02   6.5775724e-01  -1.2213020e-01   7.9128350e-01   1.7133637e+00
   1.0000000e+00  -5.0922014e-01  -1.3865939e+00   1.5678309e+00   5.3337869e-01   2.2981525e-01   9.6028362e-01
   2.0000000e+00   2.4218334e+00  -4.4931983e-01  -4.4472409e-01   1.8162735e+00  -1.5017131e+00   9.2728932e-01
   2.0000000e+00   2.8437811e-01   4.9848820e-01   5.2493708e-01  -1.0055827e+00  -9.2749986e-01  -6.3098428e-01
   2.0000000e+00  -4.4911236e-01   8.0989677e-01   1.4214394e+00  -5.6957569e-01  -5.6239445e-01  -2.1128789e+00
   2.0000000e+00   5.5247648e-02  -9.5031924e-01   2.5161998e+00   4.3759550e-01  -1.1956474e+00   2.0054867e+00
   1.0000000e+00   2.1443293e-01   2.8839607e-01  -1.8685075e+00  -1.2339020e+00   3.9499196e-01   1.8604347e-02
   2.0000000e+00  -1.8611749e+00   5.6282964e-01   7.2762630e-03   8.3741013e-01   2.2874903e+00  -2.5137849e+00
   2.0000000e+00   3.0947869e-01   3.9009798e-01   1.5492484e+00   1.5490311e+00  -1.4357670e-01   1.8264837e+00
   1.0000000e+00   2.6774310e-01   1.3012108e+00   7.7761927e-01   6.3452672e-01   4.3164502e-01  -8.9487302e-02
   2.0000000e+00  -4.4137710e-01   4.4084830e-01   5.9135330e-01   6.9577701e-01  -1.1884037e+00   2.3917295e+00
   2.0000000e+00   1.9961526e-01   7.6591896e-01  -4.7985811e-01  -1.4822180e+00   1.3100454e+00  -7.8192803e-01
   2.0000000e+00   3.4252554e-01   2.5745162e-01   1.0345007e+00  -4.0318460e-01  -1.2338026e-03  -1.4420173e-01
   1.0000000e+00   1.2900814e-01  -9.5706953e-01  -2.9504713e+00   1.6082020e+00   7.0950486e-01   1.1731701e+00
   2.0000000e+00  -8.6737226e-01  -1.4261704e+00  -1.8577288e+00  -1.0641604e+00  -1.4411720e+00   7.4570999e-01
   1.0000000e+00   7.1317526e-01  -1.0479680e+00   5.0111601e-01   5.0131485e-01   1.0552290e-01  -3.3523081e-01
   2.0000000e+00   1.1357351e+00  -3.6497704e-01  -6.9750813e-01  -2.7565182e-02   1.3995106e+00   3.4232523e-02
   2.0000000e+00   6.0522823e-01   3.9547409e-01  -3.1555020e-01   2.8458948e-01   1.0706640e+00   1.8792139e+00
   2.0000000e+00   8.3272256e-02  -1.1550037e+00   2.0483701e+00   1.2112619e+00  -1.9353137e+00   1.1188392e-01
   1.0000000e+00  -4.0930542e-01  -4.3384009e-01  -2.3449445e-01   1.2451932e+00   8.3946827e-01   2.1735961e-01
   2.0000000e+00  -1.6518089e+00  -4.0978634e-01  -8.1478603e-01  -1.3713849e+00   2.5065711e-02  -3.6037355e-01
   2.0000000e+00  -2.3279502e+00  -8.7333527e-01  -1.6644809e+00   3.5156923e-01   2.2774523e+00  -2.6249221e-01
   2.0000000e+00  -7.1038767e-01  -1.2247239e+00   2.0164582e-01  -1.0681402e+00  -8.4074791e-01   1.1518012e+00
   2.0000000e+00   3.5051058e-01  -1.9838923e-01   4.0240603e-01   7.4432877e-01  -2.0372219e+00   2.6292477e-01
   2.0000000e+00  -2.0992041e-01   1.7456714e-02  -1.0707712e+00   1.9187761e+00  -6.0812410e-01  -9.2919593e-02
   2.0000000e+00   7.1273464e-01  -1.4147810e-02   1.0089105e+00  -8.1869123e-01  -3.1508570e-01   1.0304644e+00
   1.0000000e+00  -5.6379865e-01  -1.0509599e+00   7.3977800e-01  -1.7276165e+00   2.8145980e-01   6.4269135e-01
   2.0000000e+00  -1.2558931e+00   4.1312106e-01  -1.2692208e+00   1.6640888e+00  -1.2537168e+00  -2.0136668e+00
   2.0000000e+00  -1.6781261e+00  -9.5119165e-02  -7.1835995e-01   5.2560701e-01  -1.9121724e+00   1.3711012e-01
   2.0000000e+00   8.0702825e-01  -1.7287101e-01  -1.3561567e-01  -8.3049224e-01  -4.6742009e-01  -2.7605545e-02
   2.0000000e+00  -9.1144647e-02  -9.1869153e-01   1.7552834e+00   1.4503812e-01  -1.6898951e-01   1.2175135e+00
   2.0000000e+00   6.9424664e-01  -5.2685155e-01  -1.0224446e+00  -3.1914473e-01  -1.5100040e+00  -5.2740043e-01
   2.0000000e+00   4.9383631e-02   2.2536435e+00   1.1314874e+00   7.8178712e-01  -6.4562706e-01  -8.9465564e-01
   1.0000000e+00   1.3147378e-01   2.6052669e+00   3.3695966e-01  -6.4271625e-01   9.1392547e-01  -1.2875163e+00
   1.0000000e+00   8.1657235e-01  -6.1123926e-01   2.0593180e+00   7.1780655e-01   1.7675730e-01   2.3463871e+00
   2.0000000e+00  -5.3041168e-01  -1.4268851e+00  -2.0214951e+00  -1.3872189e+00  -7.4426886e-03   1.2966674e+00
   2.0000000e+00  -4.3742396e-01   4.1856794e-01  -1.6120839e+00  -6.1995060e-01   1.2640934e+00   1.9285289e+00
   1.0000000e+00  -5.4790868e-01  -2.7971481e-01   5.1266057e-01  -1.2687844e+00   6.6052346e-01  -1.5522025e+00
   2.0000000e+00   6.6727697e-01  -2.3869022e-01   1.4933739e+00   1.2273321e-01  -1.5021238e-01   2.7527507e-01
   2.0000000e+00  -1.1511211e+00   1.2430851e-01  -3.1779095e+00   4.5973256e-01   9.6981195e-01  -1.3915757e+00
   2.0000000e+00  -2.1583426e+00   2.8973690e-01  -6.1292929e-01   1.9905554e-01  -1.2135853e+00  -1.5896602e+00
   2.0000000e+00   1.2501538e+00   1.1278897e-01   1.3146276e+00  -1.8044985e-01  -5.3538798e-01  -1.2865583e-01
   2.0000000e+00  -1.4406965e+00  -9.4898276e-01   1.2199027e+00   5.2252814e-01   1.4175844e+00   2.0422169e+00
   2.0000000e+00  -8.0026334e-01  -9.9445802e-01  -9.1314611e-01   4.2413175e-01  -5.7782574e-01   1.1122307e+00
   2.0000000e+00  -2.2783572e+00  -7.9905238e-01   1.4925419e+00  -3.1826561e-01  -8.0938556e-01   1.0693189e+00
   2.0000000e+00  -8.5014139e-01   9.5315214e-02   2.6295281e-01   9.6442061e-01   1.8068236e+00  -2.0637639e-01
   1.0000000e+00  -2.7260203e-01   9.1414856e-01  -7.1473931e-01  -1.6464916e-01   2.6994757e-01   7.2115314e-01
   2.0000000e+00  -8.6280094e-01   1.5661562e+00  -2.8598523e-01   4.3540973e-01  -4.8300140e-01  -7.7256460e-01
   2.0000000e+00   1.8247909e+00   1.6955973e-01   3.8192621e-01  -4.7552265e-01   2.1131242e+00   7.3652311e-01
   2.0000000e+00   2.0505350e+00  -5.5387078e-01   1.6699640e+00  -1.2050128e-01   6.9297975e-01   2.4451032e-01
   1.0000000e+00   9.2191560e-01  -9.7034183e-01  -5.6212986e-01   1.8495011e+00   7.0564370e-02   4.4176784e-01
   2.0000000e+00   9.2946738e-04   1.2885172e-01   1.3772511e+00  -1.5581851e-02  -2.9314713e-01   8.7674815e-01
   2.0000000e+00   6.0365115e-01   5.8052840e-01  -1.1158399e+00  -1.1904941e+00   1.1930776e+00   4.4750515e-01
   2.0000000e+00   5.4695140e-02  -1.1950459e+00   5.9207388e-01   3.8385768e-01  -6.4731875e-01   3.1083926e-01
   2.0000000e+00   1.7746841e-01  -4.2248138e-01   1.0045762e+00   2.1416246e-01  -1.2449724e+00   5.5944200e-01
   2.0000000e+00   1.5281454e+00   1.0648142e+00  -4.8893201e-01   4.9192597e-02   1.5651368e+00   6.7769234e-01
   1.0000000e+00   4.4234646e-01  -1.4449906e+00  -5.3320502e-01   3.8723244e-02   5.9449233e-01  -5.1557838e-01
   2.0000000e+00   1.2896810e+00  -1.1003601e-01  -5.3622378e-01  -8.4393531e-01   4.7742503e-01   1.1441564e+00
   2.0000000e+00  -2.7787907e-01  -3.1519318e-01   1.0536772e+00   4.1541262e-01  -1.9203217e-02  -1.4568347e+00
   2.0000000e+00  -1.7352297e+00  -6.6189388e-01  -1.3279115e+00  -4.7133211e-01  -7.3853368e-01  -7.9179779e-01
   1.0000000e+00   8.4861700e-02  -2.8622541e-01  -1.4078370e+00  -9.6432524e-01   1.8836461e-01  -3.4104594e-01
   1.0000000e+00   1.0469188e-01   1.4257943e+00   1.2368576e+00   2.0307412e-01   9.0963752e-01   1.3316898e+00
   2.0000000e+00  -4.7069142e-01   1.9569529e-01  -1.6574706e+00   7.1960677e-01  -7.4527386e-01   9.9365990e-01
   1.0000000e+00  -3.4668471e-01   2.1067259e-01  -3.7083456e-01  -9.9028073e-01   4.2080717e-01  -4.5981799e-01
   2.0000000e+00  -8.7718327e-01  -9.5869624e-01  -9.2941761e-01  -3.4416442e-02  -2.5687322e-01   8.9230110e-01
   2.0000000e+00  -1.4259156e+00   1.0461217e+00   6.0527064e-01  -6.2710433e-01  -2.3201144e-01  -1.3125093e+00
   2.0000000e+00  -7.6046631e-01  -1.9616822e+00  -5.2145957e-01   3.4511965e-01  -1.7603050e-02  -1.3046176e-01
   2.0000000e+00   3.6443144e-01   1.1777652e+00  -6.6125306e-01   1.7799519e+00  -2.0820273e-01   3.7293110e-01
   2.0000000e+00  -5.4174183e-01  -1.4681181e+00  -5.9784820e-01  -1.1948023e-01   1.0103197e+00  -2.0435708e-01
   2.0000000e+00  -1.6315346e+00   1.3861904e+00   4.3833430e-01   9.2718095e-01  -1.9889885e+00  -1.1604446e+00
   2.0000000e+00   8.5994223e-01  -3.9431188e-01   4.7138596e-01   8.8853118e-01  -1.0840892e+00  -6.4149425e-01
   1.0000000e+00  -3.0801308e-01   3.2599009e-01  -2.7431479e-01   5.7078906e-01   6.3345695e-01  -7.6839810e-01
   2.0000000e+00  -7.3290031e-01   2.0074219e+00  -1.8804914e+00   1.2737017e+00  -1.3754629e+00   2.9891913e-01
   1.0000000e+00   8.8834370e-01  -7.6567263e-01  -7.0912002e-01  -7.7963983e-01   4.0617035e-01   2.4331938e+00
   2.0000000e+00   2.6668185e-01   4.2172720e-01  -8.0779242e-01  -4.4515215e-01  -1.6916266e+00   5.6415555e-01
   2.0000000e+00   1.0410544e+00  -1.6360400e+00  -7.9394270e-01   2.7272157e-01  -1.3229014e+00   9.7959967e-01
   2.0000000e+00  -5.0514100e-01   1.6058980e+00  -9.0795506e-01  -1.2135173e-01  -8.4733911e-01   4.9133934e-01
