   2.0000000e+00  -8.0459582e-01  -1.2200659e-01  -6.0193848e-01   3.9277894e-01  -1.0144936e+00   5.9950387e-01
   2.0000000e+00   9.6650552e-01  -1.1863479e-02  -3.2989185e-01   1.3069039e+00  -1.1164531e+00  -4.9782264e-01
   2.0000000e+00   4.7453667e-01   8.1562807e-01   1.7877935e+00   1.2145371e-01   2.2420163e+00   2.0659626e-01
   2.0000000e+00  -4.3936831e-01   1.2557698e+00   1.5728171e+00   1.2126231e-01   1.1146796e+00  -4.7399217e-01
   2.0000000e+00  -8.6027663e-01  -1.0803307e+00   1.1892952e+00   1.0402190e-01   1.2037058e+00   1.1027336e+00
   2.0000000e+00   1.8643347e+00   1.2032551e+00  -2.4244786e-01   1.1134754e+00   4.8087694e-01   1.3360645e-01
   2.0000000e+00  -1.5546485e+00   1.2439524e-01   1.2031503e+00   2.6861612e-01  -3.3437884e-01   2.7480273e-02
   2.0000000e+00  -3.2270393e-01   1.7101459e+00   2.8292116e-01  -1.0450821e+00   9.8171401e-01  -7.2307619e-01
   2.0000000e+00  -3.5329805e-01   3.2199179e-01   4.2251217e-01  -1.7667659e+00  -5.2214794e-01   1.2867319e+00
   2.0000000e+00   7.9586839e-01  -2.3352386e-01  -1.2096015e+00  -3.6009047e-02   2.3629019e+00   2.8661160e-01
   2.0000000e+00   1.2027316e+00   6.2298370e-01   3.8646904e-01  -2.6977791e-01  -1.1192199e+00  -7.0164952e-01
   2.0000000e+00   2.7808909e-01  -1.4067923e+00  -6.6940969e-01  -2.3049202e-01  -1.4745298e+00  -2.1128544e+00
   1.0000000e+00   1.0662567e+00  -1.2703284e+00  -1.1760019e+00  -2.0962138e-01   3.3820697e-01  -2.8384665e-01
   2.0000000e+00  -1.1189663e-01   9.0803885e-01  -1.2838987e-01  -2.9000906e-01   1.9094204e+00  -9.0461237e-01
   1.0000000e+00  -1.1140696e+00  -1.2185891e+00  -1.4425160e+00   9.4034985e-01   1.3979801e-01   7.9895790e-02
   2.0000000e+00  -2.1815364e+00   8.5084011e-01  -3.1048779e-01  -5.6233979e-02  -6.4023592e-01   6.9721974e-01
   2.0000000e+00  -2.7824318e-01   2.3207457e-01   5.1751571e-01   4.3601701e-01  -7.1313057e-01   1.0763307e+00
   1.0000000e+00  -2.9654187e-02  -2.6440311e+00   1.0856911e+00  -1.6260159e-01   3.2747222e-01  -5.2132349e-01
   2.0000000e+00   1.1787593e+00   9.4667108e-01  -1.2909661e+00   1.4563276e+00   1.7875910e+00   3.8244973e-01
   2.0000000e+00  -6.4021760e-01  -6.0566928e-01  -3.3905568e-01  -1.7435093e-01  -1.0501942e+00   8.4408758e-01
   1.0000000e+00  -2.5403889e+00   9.1225248e-02   6.0553883e-01   3.8106651e-01   8.0427572e-01  -2.0258237e+00
   2.0000000e+00  -1.7093521e+00  -2.0966336e-01  -9.3674899e-01   3.3970194e-01  -4.9508751e-01   1.0116747e-02
   2.0000000e+00   1.1754629e+00  -9.0452990e-01   5.4705225e-01   2.1258563e+00   1.5139992e+00   2.3539025e+00
   2.0000000e+00  -1.8324385e+00   5.7664180e-01   2.0737902e+00  -9.1838919e-02  -1.0749135e+00   1.2456031e+00
   1.0000000e+00  -1.0369432e+00   5.2117719e-01   4.9900433e-01   6.0645462e-02   2.0688642e-01  -2.9596320e-01
   2.0000000e+00  -2.5695706e-01  -9.2790660e-02   1.1279378e+00   1.1334610e+00   1.8945193e+00  -3.9687663e-02
   1.0000000e+00  -1.8556961e+00   1.1115116e+00   6.9165422e-01   5.5234377e-01   3.7957533e-01  -3.9458545e-02
   2.0000000e+00  -1.6004571e+00   1.5896602e+00  -6.1145386e-01   1.2366672e+00  -8.9968309e-01  -1.7242131e+00
   2.0000000e+00   8.5560400e-01  -1.3376781e+00   4.0964308e-01  -1.2466472e+00   1.2888935e+00   1.2574605e+00
   2.0000000e+00   6.5006098e-01   7.1284065e-01  -1.3912706e+00  -2.1703252e-01  -1.3180102e+00  -3.4825345e-01
   2.0000000e+00  -1.4132836e-01  -6.8825847e-01  -1.6230514e+00   7.8450386e-01   7.8528967e-01   3.9903319e-01
   2.0000000e+00  -8.2863960e-02  -1.0320328e+00   5.5159575e-01   2.4352438e-01  -2.9746286e-01  -1.5756335e+00
   1.0000000e+00  -9.3430399e-02   2.0624718e-01  -2.3252929e-01   5.3044333e-01   2.3880537e-01  -1.4847850e-01
   2.0000000e+00   2.6659465e-02   5.1047355e-01   1.5778286e+00  -6.8658002e-01  -2.1119111e+00  -3.3083172e-01
   2.0000000e+00   1.4935410e+00  -4.0080093e-02  -6.5598225e-01   1.6227789e-01  -4.3498958e-01   6.0868914e-01
   1.0000000e+00   9.0706114e-01   2.2546912e-02   9.5852814e-01  -3.7744668e-01   7.8447183e-01  -4.8053592e-01
   1.0000000e+00   9.3800574e-01  -4.3598989e-01   1.1229067e+00   7.3054742e-01   1.0807495e-01  -9.1347770e-01
   2.0000000e+00   1.3384711e+00   9.3770677e-02  -3.0727967e-01  -3.8944268e-01  -3.2404060e-01   1.5701675e+00
   1.0000000e+00  -7.2848496e-02  -3.2164809e-01   9.8624707e-02   5.5889846e-01   1.1178694e-01   2.2520688e-01
   2.0000000e+00   1.8264189e-01  -2.3779099e-01   6.3324100e-02   9.1022976e-01  -1.1865723e-01  -2.0926176e+00
   2.0000000e+00   4.9075743e-01   9.7145459e-01  -3.2824912e-01   1.1425047e+00  -6.4239654e-02   3.4212326e-01
   1.0000000e+00  -8.7432406e-01  -1.8651740e-01  -3.2989005e-01  -4.7501342e-01   5.6298119e-01  -3.3312138e-01
   2.0000000e+00   1.0128023e+00  -1.5414273e+00  -4.9353878e-01  -4.1584210e-01  -4.7101246e-01  -5.1479172e-01
   2.0000000e+00  -4.4679756e-01   4.6401146e-01  -8.3789380e-02  -1.0916281e+00   5.3657701e-02  -5.1042318e-01
   2.0000000e+00   1.0807233e+00   1.1147604e+00  -2.2415819e-01  -1.0326505e+00   2.8478646e-02   1.1190376e+00
   2.0000000e+00   2.7382163e-01   3.1892598e-01   2.8368829e-02   2.3084109e+00  -6.7315538e-01   9.7894814e-01
   2.0000000e+00   2.2871130e-01   2.8105269e-01   1.9459939e-01   2.2774557e+00  -1.7320585e-01  -3.7871023e-01
   2.0000000e+00   2.0089906e-01   6.1393743e-01  -2.0854818e-01   1.4713981e+00  -1.5576934e+00   7.5894752e-01
   2.0000000e+00   1.8651147e-01  -1.2603486e+00   2.3721519e+00   1.0455738e-01  -4.9903697e-02  -7.0449894e-01
   2.0000000e+00   2.5328836e+00  -4.2960384e-01  -1.2525164e+00  -3.2299656e-01   9.8360166e-01  -5.7952477e-01
   2.0000000e+00   9.0943800e-02   6.0842291e-01  -6.0632624e-01  -2.3748907e-02   1.2226422e+00   2.8491008e-01
   2.0000000e+00  -8.3034188e-01  -1.0925100e+00  -2.3550981e-01   2.0580477e-01  -1.8969505e-01   1.5014799e-01
   1.0000000e+00   6.2385255e-01   1.3453745e-01   1.2006375e+00  -1.2687433e-01   8.9186887e-01   1.1267018e+00
   2.0000000e+00   1.0457896e+00   1.8960214e+00   9.8129263e-01  -2.0959827e-01  -8.8795944e-02   7.2737790e-02
   2.0000000e+00   5.6979488e-01   1.9845716e+00   8.0114653e-01  -5.7792327e-01  -5.1325903e-01  -1.0061302e+00
   1.0000000e+00   6.6421047e-01   9.4640564e-01  -2.8031250e-01   5.9104591e-01   7.6753557e-01   1.2279154e-01
   2.0000000e+00   1.0267583e+00   9.1399251e-01  -2.7567060e-01  -7.3307535e-02  -2.5118794e-01  -8.2465639e-01
   2.0000000e+00   2.8271998e-01   2.1781736e+00   8.9742254e-01  -2.0738553e-02  -6.7479225e-01  -1.1882838e-01
   2.0000000e+00   6.0803470e-02  -5.0077044e-01   1.4105817e+00   2.1930386e+00   2.9903018e-01   1.2485865e+00
   2.0000000e+00   4.5255738e-01  -4.6821518e-01   3.9495519e-01   1.6436084e+00   1.0960588e+00   6.7216444e-01
   2.0000000e+00  -8.6194929e-01  -9.4434172e-01  -7.4923767e-01   9.0577088e-01   5.4067454e-01   3.7241431e-01
   2.0000000e+00  -1.0516910e+00  -6.8327912e-01  -5.9508905e-01  -4.3089372e-01   1.4116365e+00   2.2067942e-01
   1.0000000e+00   1.0696284e+00   9.8794081e-01  -1.5151267e+00   1.8711339e-01   1.9034953e-01  -1.7452384e-01
   2.0000000e+00  -2.0760892e-01  -9.8244110e-02  -9.5153523e-02  -6.3863820e-01  -2.9280068e-01   4.2961499e-01
   1.0000000e+00  -3.0376114e-02  -5.0758278e-02  -1.3637737e+00  -4.7247333e-01   4.8964456e-01  -1.1517453e-01
   2.0000000e+00  -2.3005802e+00  -1.4508878e+00   1.7890979e+00  -6.9939386e-01  -9.3696404e-01   2.2602102e+00
   2.0000000e+00   9.3191606e-01   6.5193746e-01   4.3952282e-01  -6.4752042e-01  -2.9532959e+00   7.7759874e-02
   1.0000000e+00   7.7293755e-01   5.4789746e-01  -4.5680681e-01   6.2387138e-01   1.5452626e-01  -1.3903760e+00
   2.0000000e+00   3.4870306e-02  -1.0770251e+00  -9.7517168e-01   6.6070747e-01  -8.6451784e-01  -4.3096913e-01
   2.0000000e+00  -1.1081372e+00   1.8292751e+00   4.9726701e-01  -3.8743665e-01  -1.3096090e-01   4.0602271e-01
   2.0000000e+00   1.3076672e+00   6.6092515e-01   5.2250994e-01   1.9176137e+00   1.8987593e-01  -7.8088282e-01
   2.0000000e+00   2.0172722e-01   3.9981350e-01  -7.7537744e-02   6.0758007e-01   1.0994077e+00  -2.5501782e-01
   1.0000000e+00   4.7593153e-01   3.6511375e-01   1.4647176e+00  -1.6877467e-01   3.1841147e-01  -2.1610757e-01
   2.0000000e+00   4.5619465e-01  -2.1562994e+00   9.5184337e-01   6.8644688e-01  -1.2889356e+00  -2.1003122e+00
   2.0000000e+00   3.9432804e-02  -2.7416375e-01  -5.6364210e-01   1.4102488e+00   4.6163103e-01  -5.2677083e-01
   2.0000000e+00   6.1260875e-01  -9.5734886e-01   4.4939554e-01   1.6252609e+00  -2.0968499e+00   6.7815381e-01
   2.0000000e+00   7.9337625e-01  -4.2732040e-02   1.3999932e+00  -7.0596685e-01  -1.6035681e+00  -2.2349876e+00
   2.0000000e+00  -2.1200215e-02  -1.5849675e+00   1.7456013e+00   3.8012874e-02   1.5025534e+00  -9.9084093e-01
   2.0000000e+00  -1.3631827e+00   7.8328116e-01   2.6028389e-01  -5.7697454e-01  -1.2063161e+00   6.9915416e-01
   2.0000000e+00   8.6401880e-01  -1.7095417e+00   4.8100139e-01  -1.5299836e+00  -3.1194417e-01  -7.6351077e-01
   1.0000000e+00  -8.3453857e-01  -6.8406779e-01  -7.6128885e-01  -5.6172387e-01   5.1309003e-01   1.4592324e+00
   2.0000000e+00   3.0284914e-01   7.4467954e-02   2.5555279e-01   5.2360687e-04  -3.7115524e-01  -9.2982980e-01
   1.0000000e+00  -4.5571457e-01  -1.5930891e+00   1.1145323e+00  -3.0573462e-01   5.6058176e-01   4.2816936e-01
   2.0000000e+00  -2.3756421e+00   1.7897306e+00   4.4917334e-01   1.0590591e+00   8.7891893e-01  -3.0542839e-01
   2.0000000e+00   6.0288264e-01  -3.4721179e-01  -9.3957633e-01  -1.4379780e-01   1.0968783e+00  -8.4030332e-01
   2.0000000e+00   3.2981054e-01  -3.9045002e-01   3.2721834e-01  -4.4700649e-01  -2.3190387e-01  -1.6623519e-02
   2.0000000e+00   1.1878463e+00  -1.6782838e+00  -1.0587776e+00   1.3926693e+00   3.6004093e-01   2.3244882e+00
   2.0000000e+00   9.9237298e-01  -1.1074913e+00   1.0443561e+00  -6.7740398e-01  -1.9358633e+00  -1.0948410e+00
   2.0000000e+00   2.0697982e-01   1.0970036e+00  -4.1060299e-01   1.5100626e+00  -7.7401196e-01   1.0007056e+00
   2.0000000e+00  -7.1207088e-01  -9.9228791e-01  -1.6279712e+00   3.9146740e-01  -7.3879943e-01  -2.1854772e-01
   1.0000000e+00  -1.2202955e+00  -1.1412498e+00   2.5210631e-01  -3.1458229e-01   3.9935913e-01  -5.7172777e-01
   2.0000000e+00   9.2269210e-02  -9.0100720e-01  -1.0900750e-01  -7.8809280e-01  -1.0310167e+00   5.6737422e-01
   2.0000000e+00  -1.9970220e-01   8.2536403e-01  -5.3714417e-01   1.6173343e+00  -3.0776277e-01  -1.7271924e+00
   2.0000000e+00   1.2969204e+00  -1.9664412e-01   7.2375417e-01   1.4767406e+00  -4.0596996e-02  -1.0240011e+00
   2.0000000e+00   2.0954743e+00   1.3920814e+00  -1.4794633e+00   4.0619755e-01  -3.1266791e+00   8.4820342e-01
   2.0000000e+00   6.5901114e-01   1.9373018e+00   1.9799409e-01   7.5239124e-01  -1.0591707e+00   3.3699034e-02
   2.0000000e+00   4.9615600e-01  -1.0114593e+00   5.4698049e-01  -2.9220753e-02  -1.1385755e+00  -6.6951508e-01
   2.0000000e+00   2.8472874e-01   2.5834561e-02   5.1160860e-01  -1.4167339e+00  -1.4997830e+00  -5.5119117e-02
   2.0000000e+00   1.8237304e+00   9.9531829e-01   3.0708899e-01  -2.3471965e-01  -6.4202095e-01  -7.5363466e-01
   2.0000000e+00   9.2093298e-01  -1.6597010e+00   2.7894158e-01   8.3951620e-01   1.3034114e+00  -2.1984481e-01
   2.0000000e+00  -1.1738935e+00   3.0559477e-01  -1.2696604e+00   1.5483258e+00  -1.0659764e+00  -9.7359654e-01
   2.0000000e+00   9.0237545e-01  -1.8430772e+00   3.1950718e+00  -1.8498104e+00   9.5401312e-01  -4.1217539e-02
   2.0000000e+00  -7.3503008e-01   4.0191993e-01  -1.1443772e+00   1.3090060e+00  -3.6990300e-01  -2.7122094e-01
   2.0000000e+00  -6.1471810e-01  -3.0711729e-01   2.6484832e-01   1.2406291e+00  -1.3853763e+00  -1.1710880e-01
   1.0000000e+00   1.3172693e+00   2.9692078e+00   9.6881452e-01   6.1401591e-01   2.8706793e-01  -1.5779677e+00
   2.0000000e+00  -1.1388264e+00   9.5563391e-01   1.4138102e+00   1.2530324e-01  -4.5796708e-02   1.4321636e-01
   2.0000000e+00   6.5256455e-01  -2.6519798e-01  -6.2261483e-01   1.5291988e+00   5.7297068e-01  -3.9092455e-01
   2.0000000e+00   4.7542210e-01   3.0820905e-01   1.1910654e+00  -1.2741550e+00  -8.0639488e-01  -4.4600821e-01
   2.0000000e+00   6.8291525e-01   6.2190003e-01   6.9629544e-01   6.5166755e-01  -1.6690946e+00   4.5266045e-01
   2.0000000e+00   3.3788798e-01   6.2970994e-01  -1.7449345e+00  -2.4567985e-01   1.9475167e+00  -1.2053462e+00
   1.0000000e+00  -1.1652655e+00   2.3377621e-01  -4.7663084e-01   4.9050743e-01   6.4446869e-01   2.4635168e-01
   2.0000000e+00   8.1529918e-01  -8.5031421e-01   1.2388749e-01   1.5118672e+00   4.9345225e-01   1.6193431e-01
   2.0000000e+00  -5.3884651e-01  -1.0881707e+00  -6.2677832e-02   3.5103311e-02   2.4320671e+00   1.6673235e+00
   2.0000000e+00   1.5226700e+00   4.8443070e-02   5.4794775e-01  -7.4688447e-01  -7.0385258e-01  -1.1938523e+00
   2.0000000e+00  -2.4081402e-01   2.6054972e-01   2.6579328e-01  -1.9685499e-01   1.4054882e+00  -1.7316551e-01
   2.0000000e+00  -7.6153928e-01  -1.6356844e+00  -1.0683811e+00  -1.8408363e+00  -1.5329073e-01   4.4019329e-01
   1.0000000e+00   5.8280858e-01  -1.3369205e+00   3.9739489e-01  -6.0019889e-01   1.9009684e-01   3.6496382e-01
   2.0000000e+00   6.8789131e-01  -1.1817672e-01   5.7864511e-01  -4.9269540e-02  -5.1429680e-01  -1.0856850e+00
   2.0000000e+00  -4.2468113e-02   6.2593171e-01  -2.4119191e-01  -5.2854674e-01  -4.6417315e-01  -7.4425154e-02
   1.0000000e+00   1.1310833e+00   1.3697599e+00  -6.6776316e-01   2.5417169e-01   1.0824708e-01  -1.5525730e+00
   2.0000000e+00  -1.4202616e+00   5.5353292e-01   3.2611517e-01  -6.5705981e-01  -2.1136501e-01  -4.6709465e-01
   1.0000000e+00  -3.3894612e-01   2.1516902e-01   5.8603519e-02  -6.2945959e-01   2.1410869e-01   6.2773876e-02
   2.0000000e+00  -4.2354459e-01   7.9102779e-02   6.3054173e-01  -1.3063691e-04  -9.7379473e-01   1.3716554e+00
   2.0000000e+00  -1.3204117e+00   3.4582162e-01  -2.7918391e-01   7.3843258e-01   1.2207760e+00   9.8859231e-01
   2.0000000e+00  -5.0266335e-01   8.7666020e-01  -1.1119888e+00   5.7491853e-01  -1.1361321e-01   4.5728080e-01
   2.0000000e+00   3.2789772e-01   3.1175203e-01   1.0572915e+00   1.2940672e+00  -2.9859939e-01   8.7679787e-01
   2.0000000e+00   1.1215564e+00   7.8119738e-01   7.0124745e-01   1.1941893e+00  -2.0695719e+00  -5.2357151e-01
   1.0000000e+00  -2.1830700e-01   3.0953665e-02   4.9745362e-01   8.2521561e-01   5.2058414e-01  -5.4053205e-01
   2.0000000e+00   1.3521956e-01  -7.4821395e-01  -1.8440844e+00   6.2876976e-01  -2.9493946e-01  -1.6916703e+00
   2.0000000e+00   2.2322702e+00   2.5564952e-01  -7.3042360e-02   1.1142847e+00   8.7729315e-01   2.3011714e-01
   2.0000000e+00   7.8476395e-01  -1.0843185e+00  -1.0189982e+00   5.3798183e-01  -6.6595943e-01   4.0540427e-01
   2.0000000e+00  -4.2009431e-01   8.4474310e-01   5.1360691e-01  -4.5588024e-01  -6.6287834e-01  -1.7623184e+00
   2.0000000e+00   8.5926381e-01   7.1911726e-01   1.1684711e+00  -4.0022157e-01  -1.1773383e+00   2.1445893e+00
   2.0000000e+00  -4.4470743e-01   1.3231882e+00   5.9572888e-01  -4.6721934e-01  -1.3979575e+00   1.4700672e+00
   2.0000000e+00  -1.0012982e+00  -1.1692723e+00   8.5291814e-02  -1.2062233e+00  -2.3309334e+00   1.8948042e+00
   2.0000000e+00   3.7434971e-01   5.7911972e-01   2.3095513e-01  -9.6832836e-01   3.4512136e-01   1.8244893e+00
   2.0000000e+00   7.8564167e-01  -1.0344464e+00   3.6701133e-01  -6.2466772e-01  -2.6521989e-01   7.8657475e-01
   2.0000000e+00  -9.9100165e-01  -5.0545177e-02   1.5090838e+00   1.2968035e-01  -2.5219497e-01  -3.6424592e-01
   1.0000000e+00   1.0138745e+00   1.5521555e-01   1.1854580e+00   1.9704640e-01   4.3074556e-02   1.7306775e+00
   2.0000000e+00  -1.5926157e+00   6.2549468e-01   2.2405464e-01  -4.6137404e-01  -8.7825620e-01  -5.7732646e-01
   2.0000000e+00  -5.5273300e-01  -1.3857894e+00   3.1364634e-01   6.7567744e-01   9.0975709e-01   1.8011321e+00
   1.0000000e+00   1.2505953e-01  -4.6662501e-01   2.1723908e-01  -5.1982437e-01   8.3589204e-01   6.6301584e-01
   2.0000000e+00   1.7443322e+00  -2.1704678e-01   1.7050830e-01  -1.3207488e+00   1.7494564e-01  -1.0147997e+00
   2.0000000e+00  -3.6944407e-01   1.9544053e-01  -1.0295816e+00   2.6009416e-01  -1.1231100e+00   1.2150036e+00
   2.0000000e+00  -1.9066838e-01  -1.7057754e+00  -1.5785551e+00   1.0040285e+00  -1.9100687e+00  -1.4591578e+00
   2.0000000e+00  -2.8375964e-01  -2.6137683e+00  -9.9306418e-01  -1.0853854e+00   1.0532960e+00   6.2653670e-01
   1.0000000e+00   1.2965056e+00  -3.5431541e-01  -1.1663148e+00   9.4678312e-03   2.6243756e-01  -1.0616066e+00
   2.0000000e+00   3.0808834e-01   9.9472694e-01  -7.5988938e-01   1.3450525e-01  -7.7239070e-01  -1.2206483e+00
   2.0000000e+00   1.4833050e+00  -5.6634655e-02  -1.0764055e+00  -1.4617162e+00  -3.0380312e+00   7.9791765e-01
   2.0000000e+00   5.6825517e-01   3.0293439e-01  -5.4915264e-01   9.7954642e-01   1.0287537e+00  -1.0001167e+00
   2.0000000e+00  -1.0948039e-01  -8.4993452e-01  -1.0145287e+00  -4.7178491e-01  -6.9593387e-01   1.1220892e+00
   2.0000000e+00  -3.9218514e-01  -9.7815828e-01   7.9599881e-01  -4.8303609e-01   9.0170264e-01   1.5938093e+00
   2.0000000e+00  -1.1247034e+00   1.1665204e+00   1.7601419e+00   2.6143573e+00  -1.5867986e+00   9.2347021e-01
   2.0000000e+00  -1.1657720e+00   1.1324262e+00   8.0927141e-02   3.1622684e-01  -1.4007688e-01   8.3704693e-02
   1.0000000e+00  -2.1896279e+00   9.1995788e-01   5.0693993e-01   1.0351380e-01   2.2405286e-01  -1.1682830e+00
   2.0000000e+00  -5.5238252e-01   2.8239829e-01   2.3248922e-01   7.9432222e-01  -1.1723474e+00  -1.1613247e+00
   2.0000000e+00  -5.2725700e-01   1.7992577e+00   2.7417494e-03  -8.7067912e-01  -4.4862761e-01   1.1528857e-01
   1.0000000e+00   6.6717088e-01   2.5957858e+00  -5.3796308e-01  -1.1765860e-01   8.6549640e-01   5.2828859e-01
   2.0000000e+00  -1.2659371e+00  -1.5202016e+00  -2.3700379e+00  -7.2936688e-01   1.8958177e-02   1.0921102e+00
   2.0000000e+00  -1.0219033e-02  -3.1603357e-01  -5.5806145e-01   1.0228701e+00  -7.2666486e-01   1.0313153e+00
   1.0000000e+00   1.1523439e+00   9.3279752e-02  -4.3164167e-01  -9.0522037e-01   3.4335448e-01   2.8777560e-01
   2.0000000e+00   2.2060046e-02   1.3485017e+00   2.3689795e+00  -1.4604079e-01  -1.5924843e+00   7.6861535e-01
   1.0000000e+00  -8.1279693e-01  -1.2403537e+00   1.4158642e+00   5.1092573e-01   3.9254666e-01  -9.1794259e-01
   2.0000000e+00  -1.5125748e+00  -2.5409854e-01  -1.2403448e+00   1.0556334e+00  -5.1972088e-03   6.2643645e-01
   2.0000000e+00   7.7135743e-01  -4.0019905e-01   1.2253983e+00  -2.5451350e-01   1.8746449e+00   2.8028209e-01
   2.0000000e+00  -2.5261090e-01  -3.8924338e-01   1.7897297e+00  -1.7341006e+00   1.1443377e+00   1.6299297e+00
   2.0000000e+00  -4.6834980e-01   7.0302563e-01   6.1292457e-01  -3.1888067e-01   1.7328603e+00   2.1217661e-01
   2.0000000e+00   1.1117530e+00  -1.3740838e+00   6.6781715e-02  -8.7112404e-01   5.8792826e-01   5.8926724e-01
   2.0000000e+00  -4.3524937e-01  -9.6259317e-02  -2.3813738e-01  -8.1917476e-01   6.7338028e-01   1.1356033e+00
   2.0000000e+00  -4.9158345e-01   1.6970046e+00  -5.0737923e-01   1.0380003e+00  -1.1104638e+00   2.9847102e-01
   2.0000000e+00   1.2880932e-01  -6.0979399e-01  -4.8269801e-01   2.8888217e-01   1.2250926e+00   5.6197501e-01
   1.0000000e+00   1.2431116e-01   1.3659962e-01  -1.1477997e-01   1.8412238e-01   9.0541573e-01   2.1936486e+00
   1.0000000e+00   1.2911410e+00   4.4528252e-02  -1.1255373e+00  -3.2678582e-01   5.2299723e-02  -1.7759702e-01
   2.0000000e+00  -5.1638996e-01   8.8088557e-01  -1.7408373e+00  -4.8766936e-01  -1.7079074e+00   9.2626824e-01
   2.0000000e+00  -7.3701335e-02   2.8489702e+00   9.9908371e-01   5.4236079e-01  -1.5686119e+00  -2.0194850e+00
   2.0000000e+00   9.4533420e-01  -1.4417005e-01  -9.7373814e-02  -3.2115989e-01   2.4585983e+00   1.4021903e+00
   2.0000000e+00   1.1828612e+00   1.6552083e+00  -1.3304203e-01   1.8018487e-01  -1.6463480e+00   9.4483521e-01
   2.0000000e+00   1.6043952e+00   8.6944151e-01  -1.8269499e+00  -1.2686317e+00   1.9656480e+00   8.3247185e-01
   2.0000000e+00  -1.0209518e-01  -7.4638606e-01  -6.8479227e-02   6.6193282e-01  -5.6709782e-01   5.2581693e-01
   1.0000000e+00   5.1976120e-01  -6.9624898e-01   4.1033204e-01  -2.6842093e-01   3.2798102e-01  -5.4342935e-01
   1.0000000e+00  -4.6691619e-01  -7.0602750e-01   7.2287712e-01  -2.5544505e-02   4.5544636e-02  -2.8482452e-01
   2.0000000e+00  -1.5781509e+00  -7.4066184e-01   2.5428320e-01   1.1239261e+00   7.7694458e-01   8.6090829e-01
   2.0000000e+00  -1.9606947e+00  -3.4667459e-01   2.0618607e+00  -1.0964588e+00  -1.1081837e+00  -6.1054236e-01
   2.0000000e+00   2.1366855e+00  -9.9483829e-01  -1.5712685e-02   2.3596109e+00   1.8637606e+00   1.1520402e+00
   2.0000000e+00   8.7777797e-01   7.6443632e-01  -1.8696518e+00  -6.3342365e-01  -1.4517339e+00   6.0280440e-01
   2.0000000e+00   1.9422517e+00  -2.2443843e-01   1.1685253e+00   1.2244520e+00   1.5362148e+00   8.7657451e-01
   2.0000000e+00   1.4883842e+00   4.1396431e-01  -3.1146835e-02  -1.3167021e+00   4.5193775e-01   1.7631400e+00
   2.0000000e+00   6.7366053e-01   2.4945971e-01   8.0243594e-01   6.8467220e-01  -7.2597085e-01   1.0852332e+00
   2.0000000e+00  -9.1563684e-01  -1.8296020e+00  -2.0839221e+00   6.6859525e-01   1.2170734e+00   7.1382874e-01
   2.0000000e+00   7.4440299e-01   1.3290756e+00  -1.1030426e+00  -8.8863949e-01  -8.0808325e-02   1.4507539e+00
   2.0000000e+00  -5.3077440e-01  -1.1183798e+00  -3.8187599e-01   1.0103013e+00  -7.9293284e-01  -2.9522010e+00
   2.0000000e+00   1.5932371e+00   1.6002754e-01  -1.3851876e+00   1.3729042e+00  -4.3731226e-01  -3.6516185e-01
   1.0000000e+00   4.0368893e-01  -2.5055336e-01  -1.1446205e-01  -8.5804494e-02   8.9117259e-01   2.7203737e-01
   2.0000000e+00  -1.8329394e-01  -8.2438943e-01  -8.6229010e-01   2.3906402e+00  -1.1030264e-01   6.1397081e-01
   1.0000000e+00   1.0752793e+00  -5.1514724e-01  -1.3156932e+00   9.5998250e-01   5.5575818e-02   2.0606659e+00
   2.0000000e+00  -7.9246115e-02   3.3265664e-01  -9.1259563e-01   1.6771164e-01   1.5636812e+00   3.0091759e-01
   2.0000000e+00   1.1189029e+00   9.9132858e-02   2.9679669e+00  -8.4437201e-01   2.3527683e+00   1.9386658e+00
   2.0000000e+00   2.6750093e+00  -4.2834978e-01  -1.3593938e+00  -8.3217994e-01  -1.6596172e+00  -5.1205773e-03
   2.0000000e+00   9.2291430e-01   4.9020913e-02  -1.1309995e+00  -4.2292717e-01  -3.2441500e-01  -1.4793704e+00
   1.0000000e+00  -3.2457375e-01  -4.3368560e-01   3.0765743e-01  -1.1755593e-01   3.0605217e-01   1.1479823e+00
   1.0000000e+00  -1.2649764e+00   4.3020493e-01   2.8595680e-01  -8.9271421e-01   1.5716743e-01   9.6481542e-01
   2.0000000e+00  -6.9297140e-01   2.4934342e-01  -5.3477870e-01  -2.6149670e-01  -2.3402938e+00  -2.0978419e+00
   2.0000000e+00  -3.5971235e-01  -3.5836084e-01  -2.5484050e-01  -9.7595764e-01  -5.9289737e-02   8.0300423e-01
   2.0000000e+00   1.8474983e-03  -4.7065342e-01  -1.7351840e-01  -1.7938943e+00   1.2041390e+00   1.7556857e-01
   2.0000000e+00  -9.6623271e-02  -4.9093200e-02  -2.5103508e-01  -5.4208037e-02   1.0661748e+00   1.0272379e+00
   2.0000000e+00   2.4022529e-01   2.0002747e-01  -5.3183675e-01  -1.6766963e+00   1.5012924e-01   2.4720177e-01
   1.0000000e+00   7.2859863e-01  -1.0436232e+00   1.2863446e+00  -3.0623515e-01   8.2835015e-01  -1.1187014e+00
   2.0000000e+00   6.8230822e-01  -1.1183307e+00  -2.5218648e+00  -1.6191184e-01   5.6113689e-01   7.1365948e-01
   1.0000000e+00  -7.1311400e-01  -1.6567404e-01  -9.0706953e-01  -1.6086858e-01   4.6379094e-01   2.4670835e+00
   2.0000000e+00   7.9684480e-01   1.5860637e+00   8.3065567e-01   4.3979813e-01   1.8077272e+00  -2.2532737e+00
   1.0000000e+00  -1.2938593e-01   8.1541722e-01   1.7949972e+00   7.9455164e-01   3.7354909e-02   1.5578525e+00
   2.0000000e+00   8.1812316e-01  -1.6728465e+00   7.8172958e-01   6.9234794e-01   2.3097880e+00  -1.3566139e-01
   1.0000000e+00   3.4354768e-01  -4.1340476e-01   4.1553163e-02   1.0519337e-02   4.9843187e-01  -4.6374232e-02
   1.0000000e+00   8.9203709e-02   7.5445243e-01   2.8756472e-01  -8.1535887e-01   1.9658639e-01   1.2772837e+00
   2.0000000e+00   2.7303391e-01  -8.7598500e-01  -4.7380469e-01   1.8860763e+00   6.1557147e-01   2.4990430e-01
   2.0000000e+00  -1.3835802e+00   2.4499205e+00   1.8067365e+00  -1.0409127e-01   1.4111046e+00  -2.1791852e+00
   2.0000000e+00  -7.2133415e-01   1.0504137e+00   8.2373218e-01  -1.2869026e+00  -8.8364036e-02   1.8755611e+00
   2.0000000e+00  -2.8267658e-01  -9.8626197e-01  -1.5670688e+00   7.0405831e-01  -4.6819595e-01  -2.3088634e-01
   2.0000000e+00   1.7060551e-01   5.6052395e-02   5.7248304e-01   2.7147117e+00  -8.9287144e-01  -1.1742647e-01
   1.0000000e+00   3.1591802e-01  -4.7615807e-01  -4.7300163e-01   1.0454755e-01   5.7674661e-01   1.5002024e-02
   2.0000000e+00   4.6487548e-01   8.1046595e-01  -1.6170749e+00   6.9007692e-01  -4.8824345e-01  -4.8520049e-01
   2.0000000e+00  -4.2087370e-01   6.3938509e-01   2.3595783e+00   5.7309247e-01  -7.1433644e-01   7.7999669e-01
   2.0000000e+00   3.6664460e-01  -1.3087493e+00   1.2362044e+00  -5.3001878e-01   2.8655809e+00   4.2147910e-01
   2.0000000e+00   1.0337360e-01  -3.5945276e-01   1.2713281e+00   1.7671602e+00   8.6811930e-01  -3.8633118e-01
   2.0000000e+00  -1.8273380e-01  -3.5492785e-01   2.0005293e+00  -1.6197276e+00   1.2422601e+00  -1.3663396e+00
   2.0000000e+00  -9.8728087e-01   1.7975087e+00   2.0884038e+00  -2.0364032e+00   3.0608434e-01  -3.4226071e-01
   2.0000000e+00   1.7989588e+00   3.9352970e-01   1.4685003e+00   8.9203253e-01   5.2495809e-01  -4.5262977e-01
   2.0000000e+00   1.4789457e+00   2.0908064e+00   5.4154384e-01  -1.2045957e-03  -1.0050204e+00   1.8412502e-01
   2.0000000e+00   3.8007083e-01   4.7831182e-01   4.4100570e-01   5.4086680e-01   9.6979739e-01  -9.4538818e-01
   2.0000000e+00   7.7800053e-01   3.4987458e-01   7.7996724e-01   1.0621740e+00   2.9790017e-02  -3.0142748e-01
   2.0000000e+00   9.5786185e-01  -6.9523820e-01  -1.2803680e+00   5.3189991e-01   1.3588271e+00   7.6771198e-01
   2.0000000e+00   8.9453116e-01   2.3517313e-01   1.9148363e-01  -2.9242847e-01  -2.6896271e+00  -1.6229899e+00
   2.0000000e+00   7.4407868e-01  -1.0206651e+00   6.5468840e-01  -6.2323311e-01   8.5858426e-01  -1.1126163e+00
   2.0000000e+00   7.5017064e-01  -1.0926428e+00   3.3236765e-01  -8.7527356e-02  -9.3876553e-01  -8.0463550e-01
   2.0000000e+00   1.0662497e+00   1.5118269e-01   6.2521381e-01  -9.8362612e-01   2.3783091e-01  -5.5428900e-01
   2.0000000e+00  -5.2738311e-01  -5.6332844e-01   1.0622822e-02   1.0556438e+00  -1.9649479e+00   7.6982638e-01
   2.0000000e+00   2.4651616e-01  -9.0099547e-01   7.8181601e-01  -2.0145468e+00   5.0984414e-01   1.5609170e+00
   2.0000000e+00   1.4446077e+00   1.5140626e+00  -6.2829873e-01  -1.3196775e+00   1.3130558e-01   1.4786180e+00
   2.0000000e+00   1.5734295e+00   1.5316985e+00  -7.4786177e-01  -5.9571225e-01  -5.7947401e-01   1.2346789e+00
   2.0000000e+00   1.2387371e-01  -8.2111994e-01   2.6683741e-01  -1.0498984e+00  -2.6700111e-01  -9.2647085e-01
   2.0000000e+00   8.1796441e-01  -1.0496521e+00   1.7510535e+00   8.6313565e-01   1.3126139e+00   1.3457119e-01
   2.0000000e+00   3.7494312e-01   2.1189406e-01   4.9996468e-01   3.4695315e-01  -2.1798683e+00  -4.5955778e-01
   2.0000000e+00  -6.3516879e-01   9.9964723e-01   3.1546802e-01  -4.3336967e-01  -2.8557053e-01  -9.2663758e-01
   2.0000000e+00  -1.1111158e+00   6.5606858e-01  -5.4169030e-02   2.9038615e-01  -1.6472710e-02   1.3486832e+00
   2.0000000e+00  -1.8618462e+00   2.7559715e-01   1.2314168e+00   2.2427346e+00  -1.0039997e+00  -2.9839384e-01
   1.0000000e+00  -1.1286839e+00   6.8377629e-01  -6.8363082e-01  -8.8734859e-01   2.9527891e-01   1.3172783e+00
   2.0000000e+00   1.6227030e-01  -1.6422273e+00  -1.1482772e+00   1.4793911e+00  -1.8049080e+00  -6.6877889e-01
   2.0000000e+00  -9.8820362e-01  -3.5205190e-02  -3.5881399e-01  -8.0151770e-01   1.0611545e+00   1.5545282e+00
   2.0000000e+00   2.8267349e+00  -2.7616696e-01  -6.8372853e-02  -2.1632908e-01  -9.1551265e-01  -8.5007578e-01
   2.0000000e+00  -1.0621604e+00   9.4775592e-01   4.5583558e-01   1.2412512e+00  -1.4669154e+00  -1.0653804e+00
   2.0000000e+00  -6.9533614e-01   1.3342704e+00   1.2377455e+00   3.0371913e-01  -2.1750241e-01   1.1533304e-01
   2.0000000e+00   4.7290552e-01   1.0251178e+00  -1.1914844e+00  -1.7920753e-01  -2.2375219e+00  -6.1188945e-01
   2.0000000e+00   1.3811200e+00  -1.9492172e+00  -1.9842282e+00   1.1625081e-01   8.2343934e-01  -7.6202276e-02
   2.0000000e+00  -1.7689396e-01  -1.7078326e+00  -6.2985292e-01   1.6796420e+00   1.5274073e-01  -5.1877605e-01
   2.0000000e+00   1.3364509e+00   6.2735391e-01  -1.3751734e+00  -5.1209229e-01   1.9017679e+00  -6.0360611e-01
   1.0000000e+00  -6.0837885e-01   9.0437032e-01   1.6003531e+00  -7.5564903e-01   6.5936328e-02  -7.7526362e-01
   2.0000000e+00  -2.4328057e-01  -1.4528679e+00   1.4819659e+00  -1.7503545e+00  -1.1139100e+00   2.2653617e+00
   2.0000000e+00  -1.0131080e+00   5.8721559e-01  -9.0516593e-01  -9.6450996e-01   1.1683918e+00  -1.2469063e-01
   2.0000000e+00   8.9107000e-01  -1.5966305e+00   9.2412078e-01   1.9181912e+00  -4.8952840e-01  -2.6499845e-01
   2.0000000e+00   1.5787931e-01  -6.2199274e-01  -6.2845122e-01   1.4336338e+00  -6.1861542e-01  -8.6009616e-01
   2.0000000e+00   1.7016793e+00  -9.4076753e-01   5.4530824e-01   9.2989496e-01  -3.5913713e-01  -3.1438027e-01
   1.0000000e+00   7.4100515e-01   1.4475180e+00  -1.5476719e+00  -1.8362618e-01   4.4158430e-01   2.2516166e-01
   2.0000000e+00  -2.4943645e-01   2.1400513e-01  -2.3598482e-02   1.0606500e+00  -3.7879372e-01   3.4379866e-01
   1.0000000e+00   5.9945895e-01   1.3772843e+00   1.1835573e+00   1.5567089e-01   4.5148982e-01   1.4778192e+00
   2.0000000e+00  -4.5634931e-01  -1.0102635e+00   1.2065716e+00   7.8431762e-01   1.6378710e+00  -1.6009140e-01
   1.0000000e+00   1.6514976e+00  -1.1899213e+00   4.0117387e-01  -3.3797435e-01   9.0732644e-02  -1.7766710e-01
   2.0000000e+00   2.1523424e+00  -9.7812263e-01  -1.7183265e+00  -7.5013530e-01   7.5185831e-01  -1.8618051e+00
   2.0000000e+00   9.6577449e-01   1.8663235e-01  -1.5955323e+00   7.7652183e-01   1.0844861e+00  -4.4413835e-01
   1.0000000e+00  -1.3784103e+00   7.0674850e-02  -1.0154911e+00  -2.8121123e-01   6.2600988e-01   3.1372207e-02
   2.0000000e+00  -5.7859720e-01   6.9617401e-01  -1.2526705e+00  -5.2052419e-01  -1.6124080e+00  -1.1698457e+00
   2.0000000e+00   8.0503321e-01   5.6173505e-01   4.9051242e-01   3.4164083e-01  -9.0373199e-01  -1.1308363e+00
   2.0000000e+00   2.1534579e+00   1.3079632e+00  -8.2697323e-01   1.2748392e+00  -1.5406686e+00   8.6399531e-01
   2.0000000e+00   3.0190894e-01  -1.5813258e-01   8.6722286e-02   5.3274374e-01   9.7230191e-01  -9.7433787e-01
   2.0000000e+00  -6.7621799e-02  -1.0457225e+00  -6.6441901e-01   3.7659348e-01  -3.7274678e-02   2.0764351e-01
   2.0000000e+00  -4.0254409e-01   4.7223849e-01   1.4380057e+00  -3.8224989e-01  -2.9776086e-01  -4.8732928e-02
   2.0000000e+00  -9.4761576e-01  -1.1491110e+00   4.3618490e-01  -8.0583205e-01  -1.6980937e+00  -5.7636336e-02
   2.0000000e+00  -7.8292272e-01   5.0457988e-01   1.8310123e+00  -3.8371299e-02  -8.1129931e-01   4.1647614e-01
   2.0000000e+00  -8.8881274e-01   1.6611406e+00  -1.2933935e+00   1.1437375e+00   8.0028646e-01   6.6256912e-01
   2.0000000e+00  -6.4890213e-01   3.7475472e-01  -5.2402024e-01   2.2066363e-02  -5.4110207e-01   2.5531051e-01
   2.0000000e+00   2.2439770e-01   6.2342248e-01  -4.9127918e-01   1.0905324e-01  -9.5695550e-01  -1.0751356e+00
   2.0000000e+00  -1.5671678e+00  -1.1843070e+00   7.1319492e-01   3.2110365e-01   1.2823298e+00  -8.2759648e-02
   2.0000000e+00  -1.6084276e-01   6.7621244e-02   1.5963966e-02   1.7843571e+00  -2.6863319e+00  -9.1738398e-01
   2.0000000e+00  -4.6307969e-01   2.0673162e+00  -5.3621919e-01  -2.2383709e+00  -9.1466186e-02  -7.9425294e-03
   2.0000000e+00   1.5291259e+00  -3.3690853e-01   3.5124561e-01  -1.3290083e-01  -8.0390155e-01   9.8366561e-02
   2.0000000e+00  -1.1678182e+00  -3.2628183e-01   4.6118950e-01  -5.1945257e-01  -6.8981513e-01  -6.7154453e-01
   2.0000000e+00  -6.1405768e-02   8.1246466e-01  -5.8616020e-01  -5.5905454e-01   1.7606357e+00  -7.6060888e-02
   2.0000000e+00  -1.5290687e+00   8.7250266e-03   7.2138392e-02  -7.0562908e-01  -1.3449864e+00   1.8480999e-01
   2.0000000e+00   1.1080499e+00  -4.7421022e-01   9.1225066e-01   2.8064548e-01  -6.7482990e-01   3.0245007e-01
   2.0000000e+00   3.5300462e-01   3.1881588e-01   2.5119976e+00   7.7150713e-01   4.7353663e-01  -1.0294155e-01
   2.0000000e+00   1.3443822e+00   1.0368733e+00  -1.3354327e-01  -7.9129314e-02  -2.3500545e-01  -1.8703625e+00
   2.0000000e+00  -4.5441063e-01   1.8042750e+00   1.9145257e-01  -4.0523534e-01   1.0653981e+00  -1.5959704e+00
   2.0000000e+00   1.0208984e+00  -4.3182594e-01   9.9660286e-01  -1.6036994e+00   7.3546069e-01  -1.1021047e-01
   1.0000000e+00   5.9412444e-01  -8.6174156e-01  -6.6585075e-01  -3.3736875e-01   5.2228606e-01  -7.0793319e-01
   2.0000000e+00  -9.6725248e-01  -8.6950598e-01  -9.4584109e-01  -8.9845633e-01  -6.8105998e-01  -1.3474788e+00
   2.0000000e+00  -6.2660471e-02  -1.2740708e+00  -1.2497295e+00  -4.1582076e-01   1.0020520e+00   6.2702282e-01
   2.0000000e+00   5.5866321e-01  -4.5786459e-01  -3.1924404e-01   1.2395613e-01  -2.2082162e-01   2.2325397e-01
   2.0000000e+00   6.8085130e-01  -1.2449420e+00  -5.2556293e-01   1.8413532e+00  -2.4565203e-01  -4.7916520e-01
   2.0000000e+00   1.2160462e+00   1.6500636e+00  -4.2710334e-01   1.3351744e-01  -6.5272685e-02  -1.3004468e-01
   2.0000000e+00  -3.2442453e-01  -1.3523303e+00   1.1057765e+00   1.1715419e+00  -8.1252349e-01   1.9331075e-01
   2.0000000e+00  -3.2976081e-02  -1.4755011e+00   8.7445510e-01  -1.3445412e+00  -1.0691529e-01   6.0895439e-01
   2.0000000e+00  -5.2306948e-01  -1.8545552e-01   7.1646405e-01   5.4425592e-01   1.5907324e+00  -1.3434931e+00
   2.0000000e+00   2.5827383e-01   1.9625345e-01   9.2245042e-01   9.3677732e-02  -5.7734004e-01   1.9073083e+00
   2.0000000e+00   2.1620143e-01   5.4209248e-01  -5.6292638e-01   1.7735491e+00   1.3127000e+00  -1.8062032e+00
   1.0000000e+00   1.3842863e-01   1.0298574e+00  -8.5104879e-02  -9.0274454e-02   8.1904227e-01  -1.2232387e+00
   1.0000000e+00  -4.1813927e-01  -1.5899059e+00  -1.5276518e+00   2.3905544e-02   3.5887203e-01  -1.6645582e-01
   2.0000000e+00  -2.4564504e+00  -1.0113736e+00  -6.7895563e-01   2.7692129e-01  -5.2442900e-01   1.3466921e+00
   2.0000000e+00  -2.7976869e+00   5.4129856e-02   1.0432296e+00   1.1681665e+00   1.0959586e-01  -1.0970836e+00
   1.0000000e+00   1.8885548e+00   1.6354465e+00  -2.5491935e-02   7.4096061e-01   7.0271100e-02  -6.5898071e-01
   2.0000000e+00   8.1824979e-01  -1.8039760e+00   1.2657617e+00  -4.0461998e-01  -2.6611634e-01  -4.9951942e-01
   2.0000000e+00   3.2099590e-01  -1.8549310e-01   2.7990855e-01  -1.4783608e+00   1.9896106e+00  -3.1589021e-01
   2.0000000e+00   2.4371194e+00  -8.5780811e-01   5.6399036e-01   4.6975810e-01   1.6342488e+00  -2.4102693e-01
   2.0000000e+00   4.8589483e-01  -1.0639258e+00   7.4893874e-01  -1.2851926e+00   1.5915821e+00  -4.1527376e-01
   2.0000000e+00   1.9709463e+00  -5.0580380e-02   1.0431122e+00  -1.6774518e+00  -1.2007036e+00  -1.9167795e+00
   2.0000000e+00  -1.4752830e+00  -1.0762269e+00   1.7600827e+00  -2.1135389e-01  -5.5222106e-05   1.1620175e+00
   1.0000000e+00   1.0007450e+00  -1.4283758e+00   6.4491014e-01  -1.6136426e-02   2.5850917e-01   1.7690569e-02
   2.0000000e+00  -4.4731103e-01   1.0962331e-01   3.9786248e-01  -7.9286284e-01   8.8798205e-01  -8.9289424e-01
   1.0000000e+00   1.2554790e+00  -3.8197112e-01   5.3933594e-02   3.0839092e-01   5.1246865e-02   2.9687827e-01
   2.0000000e+00  -1.5878705e+00   6.2698114e-01   6.4688922e-01  -7.4061044e-01  -9.8551738e-01  -9.5511529e-01
   2.0000000e+00  -2.0990034e-01   6.9579835e-02   6.9665974e-01  -8.5489148e-01  -8.2308571e-01   6.7734264e-01
   2.0000000e+00   1.0167906e-01   5.9256294e-02   5.6666372e-01  -8.8498312e-01   1.1647475e+00   9.5581415e-01
   1.0000000e+00   4.5839958e-02  -2.0380263e+00   8.5685061e-01  -3.9885572e-01   2.4462030e-01   9.3655556e-01
   2.0000000e+00  -2.6019309e-01   1.3463230e+00   8.9412644e-01   1.4246498e+00  -1.1316376e+00   4.5332149e-01
   2.0000000e+00   1.4046906e+00   1.5663204e+00   1.1796527e-01  -8.7575463e-01   5.4023270e-01  -6.3265374e-01
   2.0000000e+00   6.2971895e-01   1.3674144e+00  -1.1472952e+00   6.3039148e-01  -1.4211258e+00   2.0482469e-01
   2.0000000e+00   6.3644909e-01   1.6572553e-01  -1.6207878e-01  -2.1816637e+00  -8.7707321e-01   8.9228796e-01
   2.0000000e+00   6.5880693e-04   1.2688889e+00  -1.8321970e+00  -6.9510991e-01  -8.2327027e-01  -6.8000860e-01
   1.0000000e+00  -1.4055675e+00   9.8917540e-01   6.3155495e-01  -6.7835602e-01   4.7157238e-01  -8.2594505e-01
   2.0000000e+00   4.1572657e-01  -9.9435858e-01   8.1238797e-02  -1.6879496e+00   2.3648353e-01  -6.6454936e-01
   2.0000000e+00   7.2199253e-01   9.0613210e-01   1.1173454e-01  -2.7938436e-01  -3.8660058e-01   5.5098746e-01
   2.0000000e+00  -2.7768696e-01   1.5087323e+00   2.3508830e+00  -7.7471199e-03  -3.7068278e-01   1.1252453e+00
   2.0000000e+00  -7.9997600e-01   2.3503410e-01  -1.9519282e-01   6.0226767e-01  -1.0178259e+00  -1.4452597e+00
   2.0000000e+00  -4.0883003e-01   1.9200995e+00  -7.9024645e-01   9.9870483e-01  -1.0193652e+00  -7.8930465e-01
   1.0000000e+00  -1.1686501e-01   1.0477890e+00   7.8724889e-01   3.1432000e-02   7.2085411e-01   1.4523501e+00
   2.0000000e+00  -1.1084700e+00   1.6580943e+00   5.5871553e-01  -2.2416206e+00   9.0336394e-01  -1.5442362e+00
   2.0000000e+00   1.8270808e+00  -6.7490697e-01  -1.0494018e+00  -2.4706489e-01   2.1424822e+00   4.5776806e-01
   2.0000000e+00   7.5303276e-01   1.6973785e+00   1.8391875e+00  -1.0026192e+00   1.6049118e-01   6.0109137e-01
   2.0000000e+00  -1.2667323e+00  -5.2157410e-02   3.7432072e-01   1.3917665e+00  -4.4826156e-01  -2.8187999e-01
   2.0000000e+00   2.9345315e+00  -4.0364279e-01  -6.8127427e-01   1.5272100e-01   2.0653258e+00   8.6149160e-01
   2.0000000e+00  -5.1202636e-01   2.2517902e+00  -2.7659169e-01   8.7496943e-01  -2.8690152e-01  -1.0015849e+00
   2.0000000e+00  -6.5395264e-01   9.2485319e-02  -1.1888267e+00   1.4379053e+00  -3.7145480e-01   1.8896844e+00
   2.0000000e+00   1.9456214e+00   1.0801053e+00   3.1112898e-01  -6.2581832e-01  -1.4477931e+00  -1.7773157e+00
   1.0000000e+00   1.6087368e-01   3.6917455e-02   3.8253961e-01   8.2588916e-01   4.5832277e-01  -1.2290936e+00
   2.0000000e+00   7.8145926e-01   5.6932108e-01   2.1790559e+00   1.0243695e+00   1.2760238e+00  -1.1347119e+00
   2.0000000e+00   9.5450417e-01   3.3975473e-01   5.7780711e-01  -1.5333547e+00   1.4938435e+00   2.8890603e-01
   2.0000000e+00  -7.4490919e-02   1.4140906e+00  -1.2122735e+00  -1.1762225e+00   8.6784371e-01  -5.3128294e-01
   2.0000000e+00  -1.1251215e+00  -1.3040399e+00  -3.2534150e-01   4.3304392e-01  -8.1871941e-01  -1.0477487e+00
   1.0000000e+00  -1.1937529e-01   1.2495372e+00  -4.2777137e-01  -3.9312653e-01   7.9981277e-01  -1.2983992e+00
   1.0000000e+00  -7.1906138e-01   4.3798504e-01   1.1373525e+00   2.3599982e-01   3.8535274e-01  -1.6669605e-01
   2.0000000e+00   7.3808339e-01  -7.6042020e-01   6.1416098e-01   1.0891676e+00  -4.6205789e-01   9.3425552e-01
   2.0000000e+00  -1.0806060e+00  -1.5834915e+00   1.8899721e-01   1.1382371e+00  -1.2366540e+00   1.8165429e-01
   2.0000000e+00   1.1327398e+00   4.4566267e-01   2.0040528e+00   5.4247531e-01   1.2382618e+00   1.2913677e-01
   1.0000000e+00   7.7336688e-01   8.0873978e-01   1.3623270e+00  -5.5856784e-01   8.0778257e-01   6.2214520e-01
   2.0000000e+00   9.6166090e-02   4.6406024e-01   5.4994109e-03   1.1085892e+00   2.5948346e+00   1.0284881e+00
   1.0000000e+00  -8.9320057e-01  -6.8418785e-01   5.9665736e-01  -3.7641959e-01   9.1955938e-01   1.8199304e+00
   2.0000000e+00  -7.1752819e-02   1.1452872e-01   4.7546166e-01   1.0751990e+00   9.4361463e-01  -5.2459870e-01
   2.0000000e+00   5.3796498e-02  -1.6023395e+00   6.9352161e-01   1.4761180e-02  -9.4961940e-01  -8.4072091e-02
   2.0000000e+00  -1.1263900e+00   8.5558763e-02  -4.8671061e-01  -2.2251456e+00  -4.0342760e-01   8.9131546e-01
   2.0000000e+00   2.5612421e-01  -6.6296637e-01  -1.8404372e+00   7.7488177e-01  -3.0953199e-01  -1.0306909e-01
   2.0000000e+00   1.8050469e+00   3.0798024e-01   1.7827912e-01  -1.9747154e-01  -3.9418750e-01   1.0775991e+00
   2.0000000e+00  -1.4216614e+00  -2.2273141e-01  -1.8190742e+00  -2.5336454e-01  -1.2080276e-01   1.2377935e+00
   2.0000000e+00   5.6362076e-01   5.3724855e-01  -1.4692578e+00  -1.6257316e-01   1.4656596e+00  -1.0259631e+00
   2.0000000e+00  -1.6010212e-01  -9.1210718e-01  -3.5589834e-01  -1.2774607e-01   1.3317116e+00  -7.5403935e-01
   2.0000000e+00   3.5707690e-01   2.8127197e-02  -2.1441695e-01  -1.5433674e+00  -6.8789097e-01   1.0815827e+00
   2.0000000e+00   6.7945168e-01  -8.3249669e-01  -6.6055380e-02  -1.2191550e+00  -8.6625007e-01   1.1035825e+00
   2.0000000e+00   3.5169168e-01  -4.3260666e-01   2.4490456e-02  -2.1526949e+00  -1.8903489e-01  -1.4068513e+00
   1.0000000e+00  -2.1419796e+00  -3.9641574e-01   1.6144147e-01   1.0330112e-01   4.6920101e-01  -6.9090620e-01
   2.0000000e+00   9.4893693e-01  -7.0569746e-01  -3.9584465e-01   1.4948789e+00   1.1188640e+00   8.6227906e-01
   2.0000000e+00   4.4345685e-01  -7.2253978e-01   1.1478745e+00  -7.1615325e-02  -8.3838101e-01   9.1240824e-01
   2.0000000e+00  -3.1856944e-01  -2.8618188e-01  -4.4312054e-01   4.5876767e-01   2.0238891e+00   8.3365501e-01
   1.0000000e+00   9.5003239e-01  -2.6579717e-02   6.2822248e-01   6.3908717e-01   6.3850977e-01  -1.3381078e+00
   2.0000000e+00   9.8411610e-01   8.1648777e-01  -4.6034090e-01  -1.3927559e+00  -1.1244799e+00  -1.8819628e+00
   2.0000000e+00   8.4734659e-01   6.2652756e-01   8.8744385e-01  -2.3212832e+00  -2.8626457e-01   1.2358399e+00
   2.0000000e+00   1.0108526e+00  -6.3445704e-01  -1.0322269e+00  -4.4623068e-02  -1.1115513e+00   1.4456965e-01
   1.0000000e+00   2.2018086e+00   1.4259623e+00   9.9096711e-01  -2.2867760e-01   9.6789389e-01  -3.5242737e-01
   2.0000000e+00  -1.7287631e+00   9.7696682e-01  -2.5906454e+00  -7.8804805e-01  -4.0316541e-01  -2.5920196e-02
   2.0000000e+00  -3.8683458e-01   1.2198291e+00  -5.1180079e-01   2.2505563e-01   1.0285768e+00  -1.1316198e+00
   2.0000000e+00   3.1281455e-01  -9.3630825e-01   1.3277332e+00  -1.6078170e+00  -3.3796273e-01  -6.6666233e-01
   2.0000000e+00   2.0470812e-01   1.2710523e+00   3.6251807e-01  -1.0596188e+00   2.1383784e+00  -1.0416227e-01
   2.0000000e+00   1.6829003e+00  -1.0346292e+00  -8.3497028e-01  -6.4778645e-01  -1.7846363e+00  -3.6075240e-01
   2.0000000e+00  -1.7700000e+00   1.8277059e+00  -8.7258120e-01  -1.6987109e+00  -1.6969262e+00  -1.4389891e+00
   2.0000000e+00  -9.2697361e-01  -3.1971561e-01  -1.1133476e-01   9.5708885e-02  -4.3851853e-01   4.0000554e-01
   2.0000000e+00   3.0210008e-02   9.8466831e-01  -7.0816296e-01   3.6141496e-01   1.2757635e+00   5.4905358e-01
   2.0000000e+00  -4.9841277e-02   7.8771900e-01  -1.9688620e-01  -1.0926985e+00   1.6040303e-01   3.6891521e-01
   2.0000000e+00  -7.0053749e-01  -9.3363462e-01  -1.6378055e+00  -3.9323835e-01  -2.0557030e+00   6.6982871e-01
   2.0000000e+00   1.4518652e-01  -8.8584731e-01  -6.6514944e-01   4.7420159e-01  -8.2168465e-01   4.7806426e-01
   2.0000000e+00  -1.2534907e+00   3.3276964e-01  -1.2961269e+00  -1.3587142e+00   3.6410929e-01   1.2552674e+00
   2.0000000e+00  -1.2636339e+00   2.9624589e-01  -1.0077178e+00   9.6115003e-02  -2.0339817e+00   6.8067203e-01
   2.0000000e+00   2.3318339e-01   3.6936926e-01   1.0662312e+00   4.7460389e-01  -8.6476324e-01   9.5626266e-03
   2.0000000e+00   7.3342316e-01  -4.8583708e-01   2.6880058e-01  -1.1326307e-02  -2.5519086e-01  -7.6434596e-01
   2.0000000e+00  -9.0635144e-01   2.2273369e-01   1.3328948e+00  -1.3265406e+00  -2.3847134e-01   1.4095691e+00
   2.0000000e+00   1.2804855e-01   2.7377066e-01   7.4512139e-02   8.0643077e-02  -8.8586273e-01  -5.4146759e-01
   2.0000000e+00  -2.7149467e-01  -1.1326496e+00  -1.0209103e+00   3.1362515e-02  -8.3856000e-02   8.6135686e-01
   2.0000000e+00   3.3636586e-01  -3.2014231e-01  -6.2224760e-01  -7.3850467e-01  -9.3274725e-01   6.4344623e-01
   2.0000000e+00   9.9753247e-01   8.7980797e-01  -3.9672604e-01   6.2260506e-01  -1.6237440e+00   3.8568998e-01
   2.0000000e+00  -1.1083720e+00  -2.7887190e-01  -1.2890281e-01  -6.0774811e-01   2.0424154e+00  -3.7199265e-02
   2.0000000e+00   1.1453408e-01  -1.0269251e+00  -1.0272196e+00   1.1776287e+00   1.0518045e+00  -5.6669863e-01
   2.0000000e+00   5.7747190e-01  -9.9774570e-02   1.0796004e+00   1.7302711e+00   1.1826282e+00  -2.0299753e+00
   2.0000000e+00  -1.0909512e+00  -8.6947924e-01  -1.5585087e+00  -1.1878837e+00   3.5140126e-01  -1.7835432e-01
   2.0000000e+00  -3.9815159e-01   1.0516845e+00  -1.4228603e+00   1.8879129e+00  -1.6505391e-01  -1.7255023e-01
   2.0000000e+00   4.6968086e-02   9.5134833e-01   2.1068551e-01   1.9569879e-02  -4.2908834e-02   8.0322560e-02
   1.0000000e+00  -4.4241775e-01   2.1987941e-01   5.1466282e-01  -1.4243088e-01   1.6688226e-01   1.5954950e+00
   2.0000000e+00  -9.4288448e-01  -1.2078520e+00  -1.6728203e+00   1.4598713e+00   8.4680547e-01   5.6701202e-01
   2.0000000e+00   5.5879428e-01  -6.8155586e-01  -1.2432274e+00   1.5347644e+00  -1.9250423e+00   2.4834463e-01
   2.0000000e+00  -8.7169972e-02   3.2366324e-01  -2.4063657e-01  -1.2402777e-01  -2.4199854e+00   1.2783552e-01
   2.0000000e+00   1.5219638e-01   3.7962184e-01  -1.1901898e-01   1.8851599e+00  -6.0677298e-01   1.5997152e+00
   2.0000000e+00  -5.3488304e-01  -1.5842676e-02  -1.4985072e+00   8.5701408e-01  -6.2112291e-01   5.8723372e-01
   1.0000000e+00  -1.4175913e+00   5.2629616e-01   1.0173607e-01   4.5134072e-02   1.9710440e-01  -1.5316192e+00
   2.0000000e+00   1.5364723e+00  -4.6005351e-01   8.1307068e-01   4.4367873e-01  -1.3327115e+00  -5.7444600e-01
   1.0000000e+00  -6.0605866e-01  -1.6252343e+00  -2.6543528e-01   2.9017509e-01   1.0615842e-01  -6.6045855e-01
   2.0000000e+00   1.1756697e+00  -1.2016448e-01  -9.1998883e-01  -5.7778918e-01   1.9811443e+00  -8.4436264e-01
   2.0000000e+00  -6.7630832e-01  -1.0336081e+00   1.2525411e+00  -1.5695252e+00   4.6053756e-01   4.1193807e-01
   2.0000000e+00   5.3263617e-01   1.0725674e+00   5.0480997e-01   2.9792604e-01  -1.2304109e-01   3.5082810e-01
   2.0000000e+00  -6.5579783e-01  -1.0073362e-01   6.3286963e-01  -1.1026432e+00   6.7949383e-02  -1.0441350e+00
   2.0000000e+00  -2.7206609e-01  -1.5536035e-01  -1.1955263e-01   1.3405378e+00  -5.9113691e-01   1.4070174e+00
   2.0000000e+00   1.0300745e+00   8.6205602e-01  -1.7730582e+00   9.3841565e-02  -3.1331418e-01  -6.8943428e-01
   2.0000000e+00  -1.0665913e-01  -5.1867596e-01  -4.7804379e-01  -4.6520220e-01  -6.0844034e-01   2.7360877e+00
   2.0000000e+00   5.2937428e-01  -1.6000248e+00   6.2186471e-01  -1.5063773e-01  -7.3690493e-01   3.0075567e-01
   2.0000000e+00   1.5138207e+00   3.9293269e-01  -9.0218167e-01   4.2578177e-01   1.1239551e+00  -6.0637127e-01
   2.0000000e+00   1.0621324e+00  -1.6239579e-01  -8.5632315e-01   1.8752780e+00  -4.4512458e-01  -6.3821437e-02
   2.0000000e+00  -1.0000571e-01  -1.1812770e+00   1.0023088e+00  -5.2921263e-01   1.5453980e+00  -1.2113319e+00
   2.0000000e+00  -7.4572431e-01   2.6165013e-01   1.6460498e-01   1.1103735e+00   1.7683451e+00   3.1198455e-01
   2.0000000e+00  -2.3491345e+00  -3.0684976e-01  -1.2561042e+00   4.7150335e-01   1.1979438e+00  -1.5777266e+00
   2.0000000e+00  -4.4176134e-01  -5.7232467e-01  -9.9459487e-01  -8.4591526e-01   5.7672782e-01   1.0958515e+00
   2.0000000e+00   1.0254476e+00  -1.2773553e+00   2.7122615e-01  -1.7104640e+00  -1.4548635e-01   3.2079739e-01
   2.0000000e+00  -2.0667000e+00  -1.3895212e+00  -6.3666857e-01   5.8087181e-01  -2.8795919e-01   3.7236918e-01
   2.0000000e+00   4.0684137e-01  -1.8928759e+00   1.7358453e-01   5.6623038e-01  -1.2245262e+00   5.6364225e-01
   2.0000000e+00  -4.7060413e-01   3.1296360e-01  -7.8841209e-01   1.2862287e+00  -2.0932626e-01   3.6504379e-01
   2.0000000e+00   2.2310150e-01  -3.4956662e-01   1.0636676e+00   8.2776802e-01  -1.2950068e-01   2.6087854e-01
   2.0000000e+00  -5.2585873e-01  -1.0087919e+00   7.1868004e-01  -3.6863020e-01  -1.5160976e+00   2.2881529e-01
   2.0000000e+00  -7.8167993e-01   1.0580403e-01   2.4084270e+00  -3.6440027e-01   2.5022787e+00   1.2473301e+00
   2.0000000e+00  -2.7564757e-01   5.3978843e-01   1.4182920e+00   2.8958936e-01  -1.1433882e+00   1.0198533e+00
   2.0000000e+00  -3.2738863e-01  -4.0556218e-01  -8.0243565e-02   1.0062317e+00   1.1261992e+00  -5.0112793e-01
   2.0000000e+00  -6.1354593e-01   6.8631546e-01   6.4181411e-01   1.7624333e+00  -1.1661744e+00   4.4780704e-01
   2.0000000e+00   9.2714204e-01  -2.0445363e+00   1.6537341e+00  -4.7622363e-01   1.9919402e+00  -1.6860900e+00
   2.0000000e+00  -1.0444264e+00  -2.2814854e+00  -9.7163286e-01   7.1831566e-01  -1.3552985e+00   9.8681698e-01
   2.0000000e+00  -1.2779701e-01  -4.3166800e-01   1.6334275e-01   7.0311197e-01  -1.1510122e+00  -4.2726031e-01
   1.0000000e+00  -1.5171291e+00   7.9053181e-01   1.0572687e+00   9.2255948e-01   2.4368939e-01   8.8742527e-01
   2.0000000e+00   1.7553530e+00  -1.5891050e-02  -3.0156454e-01  -1.9859336e-01  -2.7018199e+00  -4.6625492e-01
   2.0000000e+00  -7.6716117e-01   1.7200562e+00   1.6776779e-01   1.4508970e-01  -7.3130529e-01   7.8930073e-01
   2.0000000e+00   9.4492013e-01   1.1083189e+00   1.0049959e-01   3.0623249e-01  -9.5332036e-01   3.3679039e-01
   1.0000000e+00  -5.5117522e-01  -2.0720770e-02  -7.6602971e-01  -1.6596938e-01   7.6426708e-01   2.3948494e+00
   2.0000000e+00  -1.5169936e+00  -9.8495370e-01  -1.4784775e-01  -1.3271897e+00  -2.8833900e+00  -4.2014296e-01
   1.0000000e+00  -4.7801882e-01   1.0741974e+00   1.1489704e-01  -4.0432471e-01   7.8458950e-01  -1.0884244e+00
   1.0000000e+00   6.2052242e-01   8.4468367e-01  -1.3085801e+00   2.0441222e-01   7.0876179e-01   2.9574271e-01
   2.0000000e+00   1.5696145e-01   1.5886627e+00   2.7905521e+00  -3.9443063e-01   2.6737174e+00   6.7062976e-01
   2.0000000e+00  -1.3612089e+00   1.1749764e+00   2.2881420e+00  -5.6961546e-01  -5.4625755e-01   3.6691130e-01
   2.0000000e+00  -9.5553455e-01   1.9945858e+00   6.3209390e-01  -1.6008624e+00   8.5837336e-01   2.7106296e-01
   2.0000000e+00   1.3474377e+00   6.8166791e-01  -5.6155285e-01  -3.1141829e-01  -2.4930405e-01   7.6391488e-01
   2.0000000e+00  -5.0512514e-02  -3.8091715e-01   1.3034292e+00   9.4041887e-01   1.6758110e+00  -1.1991781e+00
   2.0000000e+00   6.0026137e-01  -1.0305727e+00  -3.6050777e-01   5.3041449e-01  -3.9051319e-01   1.4396701e-01
   2.0000000e+00   2.9779777e-01   2.9567113e-01   9.7160275e-01  -5.1141927e-01  -5.6743130e-01  -4.1072278e-02
   2.0000000e+00  -8.8064722e-01   7.8666085e-01  -1.6666063e-01   4.1862385e-01  -9.1983626e-01  -3.2940130e+00
   2.0000000e+00  -1.4089021e+00   6.5831513e-01  -6.3530368e-01   7.9192237e-01   9.4264156e-01  -1.0517001e+00
   2.0000000e+00   5.8369915e-01  -3.3834437e-01   1.8932654e-02  -7.3199838e-01   2.0399514e+00   3.7178969e-02
   2.0000000e+00  -3.8288436e-01  -1.9402781e+00   6.2582366e-01  -1.2757498e+00  -8.7354706e-01  -1.1086825e+00
   2.0000000e+00   1.1834982e-01  -2.0723597e+00  -4.8635807e-01   1.4745128e-01  -4.4409670e-01   2.4509316e+00
   2.0000000e+00   1.0235231e+00   1.1662729e+00  -3.2604061e-01   1.2139526e+00   5.9387789e-01  -2.5741196e-01
   2.0000000e+00  -6.9723090e-01  -1.4795670e+00  -5.8566807e-01   4.4678052e-02   1.7916357e+00  -1.8072047e-01
   2.0000000e+00  -8.0444219e-01  -1.2579627e+00  -8.7920585e-01  -5.5134116e-03  -4.6366957e-01  -9.9329545e-01
   1.0000000e+00   1.1613021e+00  -7.6902313e-02  -7.2396157e-01   7.7942468e-01   5.0187225e-01   1.1327083e+00
   2.0000000e+00   1.7100541e+00   1.0602586e+00   1.2027370e+00   9.0724540e-01  -7.7632637e-01   2.0849475e-01
   2.0000000e+00  -3.6717280e-01  -8.5149478e-01  -1.5793439e+00  -4.7570715e-01  -1.3360875e+00  -2.2332731e-01
   2.0000000e+00  -9.9511236e-02  -1.9345288e+00   3.8853578e-01  -5.8638250e-01  -8.8926637e-01   1.2807475e+00
   2.0000000e+00  -1.6733983e-01  -8.5639706e-01   9.8242121e-02   9.1313479e-02  -8.8136794e-01   9.4342494e-02
   1.0000000e+00   1.3833724e+00  -4.2914406e-01   1.2116444e+00   3.1129205e-02   1.4124123e-01  -7.1507778e-01
   2.0000000e+00   1.4198048e-01  -1.3807101e-01   9.8890939e-01  -8.6720104e-01  -7.7484509e-01   1.0716906e+00
   2.0000000e+00   8.4424525e-01  -2.9339644e-01  -2.2646149e-01  -2.6295075e+00   5.1425110e-01   1.1876094e+00
   2.0000000e+00   3.6985251e-01   1.0680850e+00   1.0919426e+00   6.3440744e-01  -3.1066906e-01  -9.6550667e-01
   2.0000000e+00   5.3051201e-01  -3.7062927e-01  -1.9472544e-01   3.3172014e-01   1.4680643e+00  -4.0882056e-01
   1.0000000e+00   1.3489635e+00  -4.7478857e-01   3.9824505e-01   1.9551247e-02   4.7429008e-01  -1.8664182e+00
   2.0000000e+00   1.8671750e-01  -6.4344238e-01  -8.5576741e-01   2.5048364e+00  -1.1641539e+00  -2.1869836e-01
   2.0000000e+00   6.5352602e-01  -2.7070225e+00  -2.6313546e-01  -2.4742722e+00  -5.5953224e-01   2.5479073e-01
   1.0000000e+00   9.5538670e-01   1.4864423e-01  -6.0222705e-01  -8.0841731e-01   1.5796740e-01  -1.8962577e+00
   2.0000000e+00  -1.8983114e-03  -4.0272773e-01   1.4551408e+00  -1.2453124e+00   4.4909594e-01   4.3234880e-01
   1.0000000e+00   9.6848292e-01   1.3147250e+00  -1.8399722e+00  -7.0932230e-01   4.5086923e-01   4.6026189e-01
   2.0000000e+00  -8.0624615e-01   2.0451603e+00  -5.4500416e-01   2.0620929e+00  -1.5988913e-01  -5.2374878e-02
   2.0000000e+00  -6.2781598e-02   1.2999924e+00  -1.8006697e+00   4.4284516e-01  -6.2875977e-01   6.7575940e-01
   2.0000000e+00  -3.8157807e-01   2.3506272e-01   2.1919160e-01  -1.6394014e+00   5.6420877e-01  -3.1371121e-01
   2.0000000e+00   6.2443603e-01   5.5434121e-01  -2.6915861e+00  -4.0267444e-02   7.2782347e-01  -4.6669666e-01
   1.0000000e+00  -1.7143966e-01  -1.6408600e-01  -5.9092411e-01  -6.1780564e-01   4.6143071e-01   8.2169178e-01
   2.0000000e+00  -7.6793472e-01  -1.4408477e+00   2.2554565e-01   3.4743712e-01  -6.5216457e-01  -4.1666291e-01
   2.0000000e+00   2.5842768e-01  -5.4049366e-01   9.3375936e-01  -1.6849730e-01   1.5235587e+00  -7.8136455e-01
   2.0000000e+00   9.0648141e-01  -8.7090291e-01  -2.0578033e-02   1.0852532e+00  -2.3828569e-01  -6.2451077e-01
   2.0000000e+00   8.8442584e-01   3.4029878e-01   1.1977882e+00   7.4855877e-01  -9.1598211e-01   1.0162313e+00
   2.0000000e+00   3.0597943e-01  -2.4179585e-01   8.5289448e-02  -1.4911523e+00  -1.2288035e+00   8.1660960e-02
   2.0000000e+00  -5.1973910e-01  -4.6700457e-01   1.3202974e+00   1.8412203e+00   1.0853939e+00   6.6968575e-01
   2.0000000e+00  -1.2514201e+00  -1.8013541e+00   7.4582176e-01   4.6402077e-03  -3.7610464e+00   8.9623953e-02
   2.0000000e+00  -7.0004924e-01   1.7071160e+00   8.8324068e-01   3.1032078e+00  -8.0786098e-01  -2.0141006e-01
   2.0000000e+00  -7.9444423e-01   3.3639446e-01  -1.6458690e+00   1.2284097e+00   1.0946537e+00  -1.1933726e+00
   2.0000000e+00   6.5281768e-01   1.0753727e+00   1.2289954e+00   7.7067384e-01  -1.0456655e+00   2.3879290e-01
   2.0000000e+00  -9.6813754e-01  -9.1781741e-01   3.8081075e-01  -1.8701205e+00   7.3459002e-02   5.8891780e-01
   2.0000000e+00  -1.1927625e+00   2.8656895e-01  -6.2471082e-01   1.9322089e+00  -3.1627016e-01   1.5006668e+00
   1.0000000e+00  -1.0226467e+00   5.2417928e-01  -3.5167003e-01  -6.2096885e-01   1.6127396e-01   1.0718967e+00
   2.0000000e+00   1.3033872e-02   1.2936944e+00   8.0854519e-01   6.8224699e-01  -5.3721051e-01  -6.9655382e-01
   2.0000000e+00   8.8038041e-01  -6.5872949e-01   2.0109779e+00   5.0435773e-01   5.0880539e-01   2.3391485e+00
   2.0000000e+00  -8.8794015e-01  -5.9737668e-01   3.3458029e-01  -1.8333585e+00   1.7971180e-01  -2.0897527e-01
   2.0000000e+00  -1.6190778e-01  -3.5597905e-01   6.4851788e-01   5.2948896e-01  -4.2070012e-02   7.3375888e-01
   2.0000000e+00   4.8262707e-01  -3.0481371e-01  -1.7652238e-01   6.3477876e-01  -1.1878788e+00   4.9874451e-01
   1.0000000e+00  -2.4055244e-02  -5.6110396e-01  -5.7402263e-01   3.6651348e-01   7.4084669e-01  -2.1801211e+00
   2.0000000e+00  -6.2240847e-01  -3.8289721e-01  -4.5299136e-01  -7.5468982e-01  -3.0110529e+00  -5.7063800e-01
